0 0 24.4
1.53209 0 24.3519
1.02976 -3.49691e-07 16.3676
0 0 24.4
1.02976 -3.49691e-07 16.3676
0 -3.49691e-07 16.4
1.53209 0 24.3519
3.05813 0 24.2076
2.05546 -3.49691e-07 16.2707
1.53209 0 24.3519
2.05546 -3.49691e-07 16.2707
1.02976 -3.49691e-07 16.3676
3.05813 0 24.2076
4.5721 0 23.9678
3.07305 -3.49691e-07 16.1095
3.05813 0 24.2076
3.07305 -3.49691e-07 16.1095
2.05546 -3.49691e-07 16.2707
4.5721 0 23.9678
6.06803 0 23.6334
4.07851 -3.49691e-07 15.8848
4.5721 0 23.9678
4.07851 -3.49691e-07 15.8848
3.07305 -3.49691e-07 16.1095
6.06803 0 23.6334
7.54001 0 23.2058
5.06788 -3.49691e-07 15.5973
6.06803 0 23.6334
5.06788 -3.49691e-07 15.5973
4.07851 -3.49691e-07 15.8848
7.54001 0 23.2058
8.98224 0 22.6865
6.03724 -3.49691e-07 15.2483
7.54001 0 23.2058
6.03724 -3.49691e-07 15.2483
5.06788 -3.49691e-07 15.5973
8.98224 0 22.6865
10.389 0 22.0778
6.98278 -3.49691e-07 14.8392
8.98224 0 22.6865
6.98278 -3.49691e-07 14.8392
6.03724 -3.49691e-07 15.2483
10.389 0 22.0778
11.7548 0 21.3819
7.90076 -3.49691e-07 14.3714
10.389 0 22.0778
7.90076 -3.49691e-07 14.3714
6.98278 -3.49691e-07 14.8392
11.7548 0 21.3819
13.0742 0 20.6016
8.78756 -3.49691e-07 13.847
11.7548 0 21.3819
8.78756 -3.49691e-07 13.847
7.90076 -3.49691e-07 14.3714
13.0742 0 20.6016
14.342 0 19.74
9.63968 -3.49691e-07 13.2679
13.0742 0 20.6016
9.63968 -3.49691e-07 13.2679
8.78756 -3.49691e-07 13.847
14.342 0 19.74
15.5531 0 18.8005
10.4538 -3.49691e-07 12.6364
14.342 0 19.74
10.4538 -3.49691e-07 12.6364
9.63968 -3.49691e-07 13.2679
15.5531 0 18.8005
16.703 0 17.7868
11.2266 -3.49691e-07 11.9551
15.5531 0 18.8005
11.2266 -3.49691e-07 11.9551
10.4538 -3.49691e-07 12.6364
16.703 0 17.7868
17.7868 0 16.7029
11.9551 -3.49691e-07 11.2266
16.703 0 17.7868
11.9551 -3.49691e-07 11.2266
11.2266 -3.49691e-07 11.9551
17.7868 0 16.7029
18.8005 0 15.5531
12.6364 -3.49691e-07 10.4538
17.7868 0 16.7029
12.6364 -3.49691e-07 10.4538
11.9551 -3.49691e-07 11.2266
18.8005 0 15.5531
19.74 0 14.342
13.2679 -3.49691e-07 9.63968
18.8005 0 15.5531
13.2679 -3.49691e-07 9.63968
12.6364 -3.49691e-07 10.4538
19.74 0 14.342
20.6016 0 13.0742
13.847 -3.49691e-07 8.78756
19.74 0 14.342
13.847 -3.49691e-07 8.78756
13.2679 -3.49691e-07 9.63968
20.6016 0 13.0742
21.3819 0 11.7548
14.3714 -3.49691e-07 7.90076
20.6016 0 13.0742
14.3714 -3.49691e-07 7.90076
13.847 -3.49691e-07 8.78756
21.3819 0 11.7548
22.0778 0 10.389
14.8392 -3.49691e-07 6.98278
21.3819 0 11.7548
14.8392 -3.49691e-07 6.98278
14.3714 -3.49691e-07 7.90076
22.0778 0 10.389
22.6865 0 8.98224
15.2483 -3.49691e-07 6.03724
22.0778 0 10.389
15.2483 -3.49691e-07 6.03724
14.8392 -3.49691e-07 6.98278
22.6865 0 8.98224
23.2058 0 7.54001
15.5973 -3.49691e-07 5.06788
22.6865 0 8.98224
15.5973 -3.49691e-07 5.06788
15.2483 -3.49691e-07 6.03724
23.2058 0 7.54001
23.6334 0 6.06803
15.8848 -3.49691e-07 4.07851
23.2058 0 7.54001
15.8848 -3.49691e-07 4.07851
15.5973 -3.49691e-07 5.06788
23.6334 0 6.06803
23.9678 0 4.5721
16.1095 -3.49691e-07 3.07305
23.6334 0 6.06803
16.1095 -3.49691e-07 3.07305
15.8848 -3.49691e-07 4.07851
23.9678 0 4.5721
24.2076 0 3.05813
16.2707 -3.49691e-07 2.05546
23.9678 0 4.5721
16.2707 -3.49691e-07 2.05546
16.1095 -3.49691e-07 3.07305
24.2076 0 3.05813
24.3519 0 1.53209
16.3676 -3.49691e-07 1.02976
24.2076 0 3.05813
16.3676 -3.49691e-07 1.02976
16.2707 -3.49691e-07 2.05546
24.3519 0 1.53209
24.4 0 -1.06656e-06
16.4 -3.49691e-07 -7.16867e-07
24.3519 0 1.53209
16.4 -3.49691e-07 -7.16867e-07
16.3676 -3.49691e-07 1.02976
24.4 0 -1.06656e-06
24.3519 0 -1.53209
16.3676 -3.49691e-07 -1.02977
24.4 0 -1.06656e-06
16.3676 -3.49691e-07 -1.02977
16.4 -3.49691e-07 -7.16867e-07
24.3519 0 -1.53209
24.2076 0 -3.05813
16.2707 -3.49691e-07 -2.05547
24.3519 0 -1.53209
16.2707 -3.49691e-07 -2.05547
16.3676 -3.49691e-07 -1.02977
24.2076 0 -3.05813
23.9678 0 -4.57211
16.1095 -3.49691e-07 -3.07306
24.2076 0 -3.05813
16.1095 -3.49691e-07 -3.07306
16.2707 -3.49691e-07 -2.05547
23.9678 0 -4.57211
23.6334 0 -6.06804
15.8848 -3.49691e-07 -4.07852
23.9678 0 -4.57211
15.8848 -3.49691e-07 -4.07852
16.1095 -3.49691e-07 -3.07306
23.6334 0 -6.06804
23.2058 0 -7.54002
15.5973 -3.49691e-07 -5.06788
23.6334 0 -6.06804
15.5973 -3.49691e-07 -5.06788
15.8848 -3.49691e-07 -4.07852
23.2058 0 -7.54002
22.6865 0 -8.98224
15.2483 -3.49691e-07 -6.03724
23.2058 0 -7.54002
15.2483 -3.49691e-07 -6.03724
15.5973 -3.49691e-07 -5.06788
22.6865 0 -8.98224
22.0778 0 -10.389
14.8392 -3.49691e-07 -6.98278
22.6865 0 -8.98224
14.8392 -3.49691e-07 -6.98278
15.2483 -3.49691e-07 -6.03724
22.0778 0 -10.389
21.3819 0 -11.7548
14.3714 -3.49691e-07 -7.90076
22.0778 0 -10.389
14.3714 -3.49691e-07 -7.90076
14.8392 -3.49691e-07 -6.98278
21.3819 0 -11.7548
20.6016 0 -13.0742
13.847 -3.49691e-07 -8.78756
21.3819 0 -11.7548
13.847 -3.49691e-07 -8.78756
14.3714 -3.49691e-07 -7.90076
20.6016 0 -13.0742
19.74 0 -14.342
13.2679 -3.49691e-07 -9.63968
20.6016 0 -13.0742
13.2679 -3.49691e-07 -9.63968
13.847 -3.49691e-07 -8.78756
19.74 0 -14.342
18.8005 0 -15.5531
12.6364 -3.49691e-07 -10.4538
19.74 0 -14.342
12.6364 -3.49691e-07 -10.4538
13.2679 -3.49691e-07 -9.63968
18.8005 0 -15.5531
17.7868 0 -16.703
11.9551 -3.49691e-07 -11.2266
18.8005 0 -15.5531
11.9551 -3.49691e-07 -11.2266
12.6364 -3.49691e-07 -10.4538
17.7868 0 -16.703
16.7029 0 -17.7868
11.2266 -3.49691e-07 -11.9551
17.7868 0 -16.703
11.2266 -3.49691e-07 -11.9551
11.9551 -3.49691e-07 -11.2266
16.7029 0 -17.7868
15.5531 0 -18.8005
10.4538 -3.49691e-07 -12.6364
16.7029 0 -17.7868
10.4538 -3.49691e-07 -12.6364
11.2266 -3.49691e-07 -11.9551
15.5531 0 -18.8005
14.342 0 -19.74
9.63968 -3.49691e-07 -13.2679
15.5531 0 -18.8005
9.63968 -3.49691e-07 -13.2679
10.4538 -3.49691e-07 -12.6364
14.342 0 -19.74
13.0742 0 -20.6016
8.78756 -3.49691e-07 -13.847
14.342 0 -19.74
8.78756 -3.49691e-07 -13.847
9.63968 -3.49691e-07 -13.2679
13.0742 0 -20.6016
11.7548 0 -21.3819
7.90076 -3.49691e-07 -14.3714
13.0742 0 -20.6016
7.90076 -3.49691e-07 -14.3714
8.78756 -3.49691e-07 -13.847
11.7548 0 -21.3819
10.389 0 -22.0778
6.98278 -3.49691e-07 -14.8392
11.7548 0 -21.3819
6.98278 -3.49691e-07 -14.8392
7.90076 -3.49691e-07 -14.3714
10.389 0 -22.0778
8.98223 0 -22.6865
6.03724 -3.49691e-07 -15.2483
10.389 0 -22.0778
6.03724 -3.49691e-07 -15.2483
6.98278 -3.49691e-07 -14.8392
8.98223 0 -22.6865
7.54001 0 -23.2058
5.06788 -3.49691e-07 -15.5973
8.98223 0 -22.6865
5.06788 -3.49691e-07 -15.5973
6.03724 -3.49691e-07 -15.2483
7.54001 0 -23.2058
6.06803 0 -23.6334
4.07851 -3.49691e-07 -15.8848
7.54001 0 -23.2058
4.07851 -3.49691e-07 -15.8848
5.06788 -3.49691e-07 -15.5973
6.06803 0 -23.6334
4.5721 0 -23.9678
3.07305 -3.49691e-07 -16.1095
6.06803 0 -23.6334
3.07305 -3.49691e-07 -16.1095
4.07851 -3.49691e-07 -15.8848
4.5721 0 -23.9678
3.05812 0 -24.2076
2.05546 -3.49691e-07 -16.2707
4.5721 0 -23.9678
2.05546 -3.49691e-07 -16.2707
3.07305 -3.49691e-07 -16.1095
3.05812 0 -24.2076
1.53209 0 -24.3519
1.02976 -3.49691e-07 -16.3676
3.05812 0 -24.2076
1.02976 -3.49691e-07 -16.3676
2.05546 -3.49691e-07 -16.2707
1.53209 0 -24.3519
-2.13312e-06 0 -24.4
-1.43373e-06 -3.49691e-07 -16.4
1.53209 0 -24.3519
-1.43373e-06 -3.49691e-07 -16.4
1.02976 -3.49691e-07 -16.3676
-2.13312e-06 0 -24.4
-1.53209 0 -24.3519
-1.02977 -3.49691e-07 -16.3676
-2.13312e-06 0 -24.4
-1.02977 -3.49691e-07 -16.3676
-1.43373e-06 -3.49691e-07 -16.4
-1.53209 0 -24.3519
-3.05813 0 -24.2076
-2.05547 -3.49691e-07 -16.2707
-1.53209 0 -24.3519
-2.05547 -3.49691e-07 -16.2707
-1.02977 -3.49691e-07 -16.3676
-3.05813 0 -24.2076
-4.57211 0 -23.9678
-3.07306 -3.49691e-07 -16.1095
-3.05813 0 -24.2076
-3.07306 -3.49691e-07 -16.1095
-2.05547 -3.49691e-07 -16.2707
-4.57211 0 -23.9678
-6.06804 0 -23.6334
-4.07852 -3.49691e-07 -15.8848
-4.57211 0 -23.9678
-4.07852 -3.49691e-07 -15.8848
-3.07306 -3.49691e-07 -16.1095
-6.06804 0 -23.6334
-7.54002 0 -23.2058
-5.06788 -3.49691e-07 -15.5973
-6.06804 0 -23.6334
-5.06788 -3.49691e-07 -15.5973
-4.07852 -3.49691e-07 -15.8848
-7.54002 0 -23.2058
-8.98224 0 -22.6865
-6.03725 -3.49691e-07 -15.2483
-7.54002 0 -23.2058
-6.03725 -3.49691e-07 -15.2483
-5.06788 -3.49691e-07 -15.5973
-8.98224 0 -22.6865
-10.389 0 -22.0778
-6.98278 -3.49691e-07 -14.8392
-8.98224 0 -22.6865
-6.98278 -3.49691e-07 -14.8392
-6.03725 -3.49691e-07 -15.2483
-10.389 0 -22.0778
-11.7548 0 -21.3819
-7.90076 -3.49691e-07 -14.3714
-10.389 0 -22.0778
-7.90076 -3.49691e-07 -14.3714
-6.98278 -3.49691e-07 -14.8392
-11.7548 0 -21.3819
-13.0742 0 -20.6016
-8.78756 -3.49691e-07 -13.847
-11.7548 0 -21.3819
-8.78756 -3.49691e-07 -13.847
-7.90076 -3.49691e-07 -14.3714
-13.0742 0 -20.6016
-14.342 0 -19.74
-9.63968 -3.49691e-07 -13.2679
-13.0742 0 -20.6016
-9.63968 -3.49691e-07 -13.2679
-8.78756 -3.49691e-07 -13.847
-14.342 0 -19.74
-15.5531 0 -18.8005
-10.4538 -3.49691e-07 -12.6364
-14.342 0 -19.74
-10.4538 -3.49691e-07 -12.6364
-9.63968 -3.49691e-07 -13.2679
-15.5531 0 -18.8005
-16.703 0 -17.7868
-11.2266 -3.49691e-07 -11.9551
-15.5531 0 -18.8005
-11.2266 -3.49691e-07 -11.9551
-10.4538 -3.49691e-07 -12.6364
-16.703 0 -17.7868
-17.7868 0 -16.7029
-11.9551 -3.49691e-07 -11.2266
-16.703 0 -17.7868
-11.9551 -3.49691e-07 -11.2266
-11.2266 -3.49691e-07 -11.9551
-17.7868 0 -16.7029
-18.8005 0 -15.5531
-12.6364 -3.49691e-07 -10.4538
-17.7868 0 -16.7029
-12.6364 -3.49691e-07 -10.4538
-11.9551 -3.49691e-07 -11.2266
-18.8005 0 -15.5531
-19.74 0 -14.342
-13.2679 -3.49691e-07 -9.63968
-18.8005 0 -15.5531
-13.2679 -3.49691e-07 -9.63968
-12.6364 -3.49691e-07 -10.4538
-19.74 0 -14.342
-20.6016 0 -13.0742
-13.847 -3.49691e-07 -8.78756
-19.74 0 -14.342
-13.847 -3.49691e-07 -8.78756
-13.2679 -3.49691e-07 -9.63968
-20.6016 0 -13.0742
-21.3819 0 -11.7548
-14.3714 -3.49691e-07 -7.90076
-20.6016 0 -13.0742
-14.3714 -3.49691e-07 -7.90076
-13.847 -3.49691e-07 -8.78756
-21.3819 0 -11.7548
-22.0778 0 -10.389
-14.8392 -3.49691e-07 -6.98278
-21.3819 0 -11.7548
-14.8392 -3.49691e-07 -6.98278
-14.3714 -3.49691e-07 -7.90076
-22.0778 0 -10.389
-22.6865 0 -8.98223
-15.2483 -3.49691e-07 -6.03724
-22.0778 0 -10.389
-15.2483 -3.49691e-07 -6.03724
-14.8392 -3.49691e-07 -6.98278
-22.6865 0 -8.98223
-23.2058 0 -7.54001
-15.5973 -3.49691e-07 -5.06787
-22.6865 0 -8.98223
-15.5973 -3.49691e-07 -5.06787
-15.2483 -3.49691e-07 -6.03724
-23.2058 0 -7.54001
-23.6334 0 -6.06802
-15.8848 -3.49691e-07 -4.07851
-23.2058 0 -7.54001
-15.8848 -3.49691e-07 -4.07851
-15.5973 -3.49691e-07 -5.06787
-23.6334 0 -6.06802
-23.9678 0 -4.57209
-16.1095 -3.49691e-07 -3.07305
-23.6334 0 -6.06802
-16.1095 -3.49691e-07 -3.07305
-15.8848 -3.49691e-07 -4.07851
-23.9678 0 -4.57209
-24.2076 0 -3.05812
-16.2707 -3.49691e-07 -2.05546
-23.9678 0 -4.57209
-16.2707 -3.49691e-07 -2.05546
-16.1095 -3.49691e-07 -3.07305
-24.2076 0 -3.05812
-24.3519 0 -1.53208
-16.3676 -3.49691e-07 -1.02976
-24.2076 0 -3.05812
-16.3676 -3.49691e-07 -1.02976
-16.2707 -3.49691e-07 -2.05546
-24.3519 0 -1.53208
-24.4 0 2.90967e-07
-16.4 -3.49691e-07 1.95568e-07
-24.3519 0 -1.53208
-16.4 -3.49691e-07 1.95568e-07
-16.3676 -3.49691e-07 -1.02976
-24.4 0 2.90967e-07
-24.3519 0 1.53209
-16.3676 -3.49691e-07 1.02977
-24.4 0 2.90967e-07
-16.3676 -3.49691e-07 1.02977
-16.4 -3.49691e-07 1.95568e-07
-24.3519 0 1.53209
-24.2076 0 3.05813
-16.2707 -3.49691e-07 2.05547
-24.3519 0 1.53209
-16.2707 -3.49691e-07 2.05547
-16.3676 -3.49691e-07 1.02977
-24.2076 0 3.05813
-23.9678 0 4.57211
-16.1095 -3.49691e-07 3.07306
-24.2076 0 3.05813
-16.1095 -3.49691e-07 3.07306
-16.2707 -3.49691e-07 2.05547
-23.9678 0 4.57211
-23.6334 0 6.06804
-15.8848 -3.49691e-07 4.07852
-23.9678 0 4.57211
-15.8848 -3.49691e-07 4.07852
-16.1095 -3.49691e-07 3.07306
-23.6334 0 6.06804
-23.2058 0 7.54002
-15.5973 -3.49691e-07 5.06788
-23.6334 0 6.06804
-15.5973 -3.49691e-07 5.06788
-15.8848 -3.49691e-07 4.07852
-23.2058 0 7.54002
-22.6865 0 8.98224
-15.2483 -3.49691e-07 6.03724
-23.2058 0 7.54002
-15.2483 -3.49691e-07 6.03724
-15.5973 -3.49691e-07 5.06788
-22.6865 0 8.98224
-22.0778 0 10.389
-14.8392 -3.49691e-07 6.98278
-22.6865 0 8.98224
-14.8392 -3.49691e-07 6.98278
-15.2483 -3.49691e-07 6.03724
-22.0778 0 10.389
-21.3819 0 11.7548
-14.3714 -3.49691e-07 7.90076
-22.0778 0 10.389
-14.3714 -3.49691e-07 7.90076
-14.8392 -3.49691e-07 6.98278
-21.3819 0 11.7548
-20.6016 0 13.0742
-13.847 -3.49691e-07 8.78756
-21.3819 0 11.7548
-13.847 -3.49691e-07 8.78756
-14.3714 -3.49691e-07 7.90076
-20.6016 0 13.0742
-19.74 0 14.342
-13.2679 -3.49691e-07 9.63968
-20.6016 0 13.0742
-13.2679 -3.49691e-07 9.63968
-13.847 -3.49691e-07 8.78756
-19.74 0 14.342
-18.8005 0 15.5532
-12.6364 -3.49691e-07 10.4538
-19.74 0 14.342
-12.6364 -3.49691e-07 10.4538
-13.2679 -3.49691e-07 9.63968
-18.8005 0 15.5532
-17.7868 0 16.703
-11.9551 -3.49691e-07 11.2266
-18.8005 0 15.5532
-11.9551 -3.49691e-07 11.2266
-12.6364 -3.49691e-07 10.4538
-17.7868 0 16.703
-16.7029 0 17.7868
-11.2266 -3.49691e-07 11.9551
-17.7868 0 16.703
-11.2266 -3.49691e-07 11.9551
-11.9551 -3.49691e-07 11.2266
-16.7029 0 17.7868
-15.5531 0 18.8005
-10.4537 -3.49691e-07 12.6364
-16.7029 0 17.7868
-10.4537 -3.49691e-07 12.6364
-11.2266 -3.49691e-07 11.9551
-15.5531 0 18.8005
-14.342 0 19.74
-9.63967 -3.49691e-07 13.2679
-15.5531 0 18.8005
-9.63967 -3.49691e-07 13.2679
-10.4537 -3.49691e-07 12.6364
-14.342 0 19.74
-13.0742 0 20.6016
-8.78755 -3.49691e-07 13.847
-14.342 0 19.74
-8.78755 -3.49691e-07 13.847
-9.63967 -3.49691e-07 13.2679
-13.0742 0 20.6016
-11.7548 0 21.3819
-7.90075 -3.49691e-07 14.3714
-13.0742 0 20.6016
-7.90075 -3.49691e-07 14.3714
-8.78755 -3.49691e-07 13.847
-11.7548 0 21.3819
-10.389 0 22.0778
-6.98277 -3.49691e-07 14.8392
-11.7548 0 21.3819
-6.98277 -3.49691e-07 14.8392
-7.90075 -3.49691e-07 14.3714
-10.389 0 22.0778
-8.98223 0 22.6866
-6.03724 -3.49691e-07 15.2483
-10.389 0 22.0778
-6.03724 -3.49691e-07 15.2483
-6.98277 -3.49691e-07 14.8392
-8.98223 0 22.6866
-7.54 0 23.2058
-5.06787 -3.49691e-07 15.5973
-8.98223 0 22.6866
-5.06787 -3.49691e-07 15.5973
-6.03724 -3.49691e-07 15.2483
-7.54 0 23.2058
-6.06802 0 23.6334
-4.07851 -3.49691e-07 15.8848
-7.54 0 23.2058
-4.07851 -3.49691e-07 15.8848
-5.06787 -3.49691e-07 15.5973
-6.06802 0 23.6334
-4.5721 0 23.9678
-3.07305 -3.49691e-07 16.1095
-6.06802 0 23.6334
-3.07305 -3.49691e-07 16.1095
-4.07851 -3.49691e-07 15.8848
-4.5721 0 23.9678
-3.05813 0 24.2076
-2.05546 -3.49691e-07 16.2707
-4.5721 0 23.9678
-2.05546 -3.49691e-07 16.2707
-3.07305 -3.49691e-07 16.1095
-3.05813 0 24.2076
-1.53209 0 24.3519
-1.02976 -3.49691e-07 16.3676
-3.05813 0 24.2076
-1.02976 -3.49691e-07 16.3676
-2.05546 -3.49691e-07 16.2707
-1.53209 0 24.3519
4.26623e-06 0 24.4
2.86747e-06 -3.49691e-07 16.4
-1.53209 0 24.3519
2.86747e-06 -3.49691e-07 16.4
-1.02976 -3.49691e-07 16.3676
0 -3.49691e-07 16.4
1.02976 -3.49691e-07 16.3676
1.53209 6.99382e-07 24.3519
0 -3.49691e-07 16.4
1.53209 6.99382e-07 24.3519
0 6.99382e-07 24.4
1.02976 -3.49691e-07 16.3676
2.05546 -3.49691e-07 16.2707
3.05813 6.99382e-07 24.2076
1.02976 -3.49691e-07 16.3676
3.05813 6.99382e-07 24.2076
1.53209 6.99382e-07 24.3519
2.05546 -3.49691e-07 16.2707
3.07305 -3.49691e-07 16.1095
4.5721 6.99382e-07 23.9678
2.05546 -3.49691e-07 16.2707
4.5721 6.99382e-07 23.9678
3.05813 6.99382e-07 24.2076
3.07305 -3.49691e-07 16.1095
4.07851 -3.49691e-07 15.8848
6.06803 6.99382e-07 23.6334
3.07305 -3.49691e-07 16.1095
6.06803 6.99382e-07 23.6334
4.5721 6.99382e-07 23.9678
4.07851 -3.49691e-07 15.8848
5.06788 -3.49691e-07 15.5973
7.54001 6.99382e-07 23.2058
4.07851 -3.49691e-07 15.8848
7.54001 6.99382e-07 23.2058
6.06803 6.99382e-07 23.6334
5.06788 -3.49691e-07 15.5973
6.03724 -3.49691e-07 15.2483
8.98224 6.99382e-07 22.6865
5.06788 -3.49691e-07 15.5973
8.98224 6.99382e-07 22.6865
7.54001 6.99382e-07 23.2058
6.03724 -3.49691e-07 15.2483
6.98278 -3.49691e-07 14.8392
10.389 6.99382e-07 22.0778
6.03724 -3.49691e-07 15.2483
10.389 6.99382e-07 22.0778
8.98224 6.99382e-07 22.6865
6.98278 -3.49691e-07 14.8392
7.90076 -3.49691e-07 14.3714
11.7548 6.99382e-07 21.3819
6.98278 -3.49691e-07 14.8392
11.7548 6.99382e-07 21.3819
10.389 6.99382e-07 22.0778
7.90076 -3.49691e-07 14.3714
8.78756 -3.49691e-07 13.847
13.0742 6.99382e-07 20.6016
7.90076 -3.49691e-07 14.3714
13.0742 6.99382e-07 20.6016
11.7548 6.99382e-07 21.3819
8.78756 -3.49691e-07 13.847
9.63968 -3.49691e-07 13.2679
14.342 6.99382e-07 19.74
8.78756 -3.49691e-07 13.847
14.342 6.99382e-07 19.74
13.0742 6.99382e-07 20.6016
9.63968 -3.49691e-07 13.2679
10.4538 -3.49691e-07 12.6364
15.5531 6.99382e-07 18.8005
9.63968 -3.49691e-07 13.2679
15.5531 6.99382e-07 18.8005
14.342 6.99382e-07 19.74
10.4538 -3.49691e-07 12.6364
11.2266 -3.49691e-07 11.9551
16.703 6.99382e-07 17.7868
10.4538 -3.49691e-07 12.6364
16.703 6.99382e-07 17.7868
15.5531 6.99382e-07 18.8005
11.2266 -3.49691e-07 11.9551
11.9551 -3.49691e-07 11.2266
17.7868 6.99382e-07 16.7029
11.2266 -3.49691e-07 11.9551
17.7868 6.99382e-07 16.7029
16.703 6.99382e-07 17.7868
11.9551 -3.49691e-07 11.2266
12.6364 -3.49691e-07 10.4538
18.8005 6.99382e-07 15.5531
11.9551 -3.49691e-07 11.2266
18.8005 6.99382e-07 15.5531
17.7868 6.99382e-07 16.7029
12.6364 -3.49691e-07 10.4538
13.2679 -3.49691e-07 9.63968
19.74 6.99382e-07 14.342
12.6364 -3.49691e-07 10.4538
19.74 6.99382e-07 14.342
18.8005 6.99382e-07 15.5531
13.2679 -3.49691e-07 9.63968
13.847 -3.49691e-07 8.78756
20.6016 6.99382e-07 13.0742
13.2679 -3.49691e-07 9.63968
20.6016 6.99382e-07 13.0742
19.74 6.99382e-07 14.342
13.847 -3.49691e-07 8.78756
14.3714 -3.49691e-07 7.90076
21.3819 6.99382e-07 11.7548
13.847 -3.49691e-07 8.78756
21.3819 6.99382e-07 11.7548
20.6016 6.99382e-07 13.0742
14.3714 -3.49691e-07 7.90076
14.8392 -3.49691e-07 6.98278
22.0778 6.99382e-07 10.389
14.3714 -3.49691e-07 7.90076
22.0778 6.99382e-07 10.389
21.3819 6.99382e-07 11.7548
14.8392 -3.49691e-07 6.98278
15.2483 -3.49691e-07 6.03724
22.6865 6.99382e-07 8.98224
14.8392 -3.49691e-07 6.98278
22.6865 6.99382e-07 8.98224
22.0778 6.99382e-07 10.389
15.2483 -3.49691e-07 6.03724
15.5973 -3.49691e-07 5.06788
23.2058 6.99382e-07 7.54001
15.2483 -3.49691e-07 6.03724
23.2058 6.99382e-07 7.54001
22.6865 6.99382e-07 8.98224
15.5973 -3.49691e-07 5.06788
15.8848 -3.49691e-07 4.07851
23.6334 6.99382e-07 6.06803
15.5973 -3.49691e-07 5.06788
23.6334 6.99382e-07 6.06803
23.2058 6.99382e-07 7.54001
15.8848 -3.49691e-07 4.07851
16.1095 -3.49691e-07 3.07305
23.9678 6.99382e-07 4.5721
15.8848 -3.49691e-07 4.07851
23.9678 6.99382e-07 4.5721
23.6334 6.99382e-07 6.06803
16.1095 -3.49691e-07 3.07305
16.2707 -3.49691e-07 2.05546
24.2076 6.99382e-07 3.05813
16.1095 -3.49691e-07 3.07305
24.2076 6.99382e-07 3.05813
23.9678 6.99382e-07 4.5721
16.2707 -3.49691e-07 2.05546
16.3676 -3.49691e-07 1.02976
24.3519 6.99382e-07 1.53209
16.2707 -3.49691e-07 2.05546
24.3519 6.99382e-07 1.53209
24.2076 6.99382e-07 3.05813
16.3676 -3.49691e-07 1.02976
16.4 -3.49691e-07 -7.16867e-07
24.4 6.99382e-07 -1.06656e-06
16.3676 -3.49691e-07 1.02976
24.4 6.99382e-07 -1.06656e-06
24.3519 6.99382e-07 1.53209
16.4 -3.49691e-07 -7.16867e-07
16.3676 -3.49691e-07 -1.02977
24.3519 6.99382e-07 -1.53209
16.4 -3.49691e-07 -7.16867e-07
24.3519 6.99382e-07 -1.53209
24.4 6.99382e-07 -1.06656e-06
16.3676 -3.49691e-07 -1.02977
16.2707 -3.49691e-07 -2.05547
24.2076 6.99382e-07 -3.05813
16.3676 -3.49691e-07 -1.02977
24.2076 6.99382e-07 -3.05813
24.3519 6.99382e-07 -1.53209
16.2707 -3.49691e-07 -2.05547
16.1095 -3.49691e-07 -3.07306
23.9678 6.99382e-07 -4.57211
16.2707 -3.49691e-07 -2.05547
23.9678 6.99382e-07 -4.57211
24.2076 6.99382e-07 -3.05813
16.1095 -3.49691e-07 -3.07306
15.8848 -3.49691e-07 -4.07852
23.6334 6.99382e-07 -6.06804
16.1095 -3.49691e-07 -3.07306
23.6334 6.99382e-07 -6.06804
23.9678 6.99382e-07 -4.57211
15.8848 -3.49691e-07 -4.07852
15.5973 -3.49691e-07 -5.06788
23.2058 6.99382e-07 -7.54002
15.8848 -3.49691e-07 -4.07852
23.2058 6.99382e-07 -7.54002
23.6334 6.99382e-07 -6.06804
15.5973 -3.49691e-07 -5.06788
15.2483 -3.49691e-07 -6.03724
22.6865 6.99382e-07 -8.98224
15.5973 -3.49691e-07 -5.06788
22.6865 6.99382e-07 -8.98224
23.2058 6.99382e-07 -7.54002
15.2483 -3.49691e-07 -6.03724
14.8392 -3.49691e-07 -6.98278
22.0778 6.99382e-07 -10.389
15.2483 -3.49691e-07 -6.03724
22.0778 6.99382e-07 -10.389
22.6865 6.99382e-07 -8.98224
14.8392 -3.49691e-07 -6.98278
14.3714 -3.49691e-07 -7.90076
21.3819 6.99382e-07 -11.7548
14.8392 -3.49691e-07 -6.98278
21.3819 6.99382e-07 -11.7548
22.0778 6.99382e-07 -10.389
14.3714 -3.49691e-07 -7.90076
13.847 -3.49691e-07 -8.78756
20.6016 6.99382e-07 -13.0742
14.3714 -3.49691e-07 -7.90076
20.6016 6.99382e-07 -13.0742
21.3819 6.99382e-07 -11.7548
13.847 -3.49691e-07 -8.78756
13.2679 -3.49691e-07 -9.63968
19.74 6.99382e-07 -14.342
13.847 -3.49691e-07 -8.78756
19.74 6.99382e-07 -14.342
20.6016 6.99382e-07 -13.0742
13.2679 -3.49691e-07 -9.63968
12.6364 -3.49691e-07 -10.4538
18.8005 6.99382e-07 -15.5531
13.2679 -3.49691e-07 -9.63968
18.8005 6.99382e-07 -15.5531
19.74 6.99382e-07 -14.342
12.6364 -3.49691e-07 -10.4538
11.9551 -3.49691e-07 -11.2266
17.7868 6.99382e-07 -16.703
12.6364 -3.49691e-07 -10.4538
17.7868 6.99382e-07 -16.703
18.8005 6.99382e-07 -15.5531
11.9551 -3.49691e-07 -11.2266
11.2266 -3.49691e-07 -11.9551
16.7029 6.99382e-07 -17.7868
11.9551 -3.49691e-07 -11.2266
16.7029 6.99382e-07 -17.7868
17.7868 6.99382e-07 -16.703
11.2266 -3.49691e-07 -11.9551
10.4538 -3.49691e-07 -12.6364
15.5531 6.99382e-07 -18.8005
11.2266 -3.49691e-07 -11.9551
15.5531 6.99382e-07 -18.8005
16.7029 6.99382e-07 -17.7868
10.4538 -3.49691e-07 -12.6364
9.63968 -3.49691e-07 -13.2679
14.342 6.99382e-07 -19.74
10.4538 -3.49691e-07 -12.6364
14.342 6.99382e-07 -19.74
15.5531 6.99382e-07 -18.8005
9.63968 -3.49691e-07 -13.2679
8.78756 -3.49691e-07 -13.847
13.0742 6.99382e-07 -20.6016
9.63968 -3.49691e-07 -13.2679
13.0742 6.99382e-07 -20.6016
14.342 6.99382e-07 -19.74
8.78756 -3.49691e-07 -13.847
7.90076 -3.49691e-07 -14.3714
11.7548 6.99382e-07 -21.3819
8.78756 -3.49691e-07 -13.847
11.7548 6.99382e-07 -21.3819
13.0742 6.99382e-07 -20.6016
7.90076 -3.49691e-07 -14.3714
6.98278 -3.49691e-07 -14.8392
10.389 6.99382e-07 -22.0778
7.90076 -3.49691e-07 -14.3714
10.389 6.99382e-07 -22.0778
11.7548 6.99382e-07 -21.3819
6.98278 -3.49691e-07 -14.8392
6.03724 -3.49691e-07 -15.2483
8.98223 6.99382e-07 -22.6865
6.98278 -3.49691e-07 -14.8392
8.98223 6.99382e-07 -22.6865
10.389 6.99382e-07 -22.0778
6.03724 -3.49691e-07 -15.2483
5.06788 -3.49691e-07 -15.5973
7.54001 6.99382e-07 -23.2058
6.03724 -3.49691e-07 -15.2483
7.54001 6.99382e-07 -23.2058
8.98223 6.99382e-07 -22.6865
5.06788 -3.49691e-07 -15.5973
4.07851 -3.49691e-07 -15.8848
6.06803 6.99382e-07 -23.6334
5.06788 -3.49691e-07 -15.5973
6.06803 6.99382e-07 -23.6334
7.54001 6.99382e-07 -23.2058
4.07851 -3.49691e-07 -15.8848
3.07305 -3.49691e-07 -16.1095
4.5721 6.99382e-07 -23.9678
4.07851 -3.49691e-07 -15.8848
4.5721 6.99382e-07 -23.9678
6.06803 6.99382e-07 -23.6334
3.07305 -3.49691e-07 -16.1095
2.05546 -3.49691e-07 -16.2707
3.05812 6.99382e-07 -24.2076
3.07305 -3.49691e-07 -16.1095
3.05812 6.99382e-07 -24.2076
4.5721 6.99382e-07 -23.9678
2.05546 -3.49691e-07 -16.2707
1.02976 -3.49691e-07 -16.3676
1.53209 6.99382e-07 -24.3519
2.05546 -3.49691e-07 -16.2707
1.53209 6.99382e-07 -24.3519
3.05812 6.99382e-07 -24.2076
1.02976 -3.49691e-07 -16.3676
-1.43373e-06 -3.49691e-07 -16.4
-2.13312e-06 6.99382e-07 -24.4
1.02976 -3.49691e-07 -16.3676
-2.13312e-06 6.99382e-07 -24.4
1.53209 6.99382e-07 -24.3519
-1.43373e-06 -3.49691e-07 -16.4
-1.02977 -3.49691e-07 -16.3676
-1.53209 6.99382e-07 -24.3519
-1.43373e-06 -3.49691e-07 -16.4
-1.53209 6.99382e-07 -24.3519
-2.13312e-06 6.99382e-07 -24.4
-1.02977 -3.49691e-07 -16.3676
-2.05547 -3.49691e-07 -16.2707
-3.05813 6.99382e-07 -24.2076
-1.02977 -3.49691e-07 -16.3676
-3.05813 6.99382e-07 -24.2076
-1.53209 6.99382e-07 -24.3519
-2.05547 -3.49691e-07 -16.2707
-3.07306 -3.49691e-07 -16.1095
-4.57211 6.99382e-07 -23.9678
-2.05547 -3.49691e-07 -16.2707
-4.57211 6.99382e-07 -23.9678
-3.05813 6.99382e-07 -24.2076
-3.07306 -3.49691e-07 -16.1095
-4.07852 -3.49691e-07 -15.8848
-6.06804 6.99382e-07 -23.6334
-3.07306 -3.49691e-07 -16.1095
-6.06804 6.99382e-07 -23.6334
-4.57211 6.99382e-07 -23.9678
-4.07852 -3.49691e-07 -15.8848
-5.06788 -3.49691e-07 -15.5973
-7.54002 6.99382e-07 -23.2058
-4.07852 -3.49691e-07 -15.8848
-7.54002 6.99382e-07 -23.2058
-6.06804 6.99382e-07 -23.6334
-5.06788 -3.49691e-07 -15.5973
-6.03725 -3.49691e-07 -15.2483
-8.98224 6.99382e-07 -22.6865
-5.06788 -3.49691e-07 -15.5973
-8.98224 6.99382e-07 -22.6865
-7.54002 6.99382e-07 -23.2058
-6.03725 -3.49691e-07 -15.2483
-6.98278 -3.49691e-07 -14.8392
-10.389 6.99382e-07 -22.0778
-6.03725 -3.49691e-07 -15.2483
-10.389 6.99382e-07 -22.0778
-8.98224 6.99382e-07 -22.6865
-6.98278 -3.49691e-07 -14.8392
-7.90076 -3.49691e-07 -14.3714
-11.7548 6.99382e-07 -21.3819
-6.98278 -3.49691e-07 -14.8392
-11.7548 6.99382e-07 -21.3819
-10.389 6.99382e-07 -22.0778
-7.90076 -3.49691e-07 -14.3714
-8.78756 -3.49691e-07 -13.847
-13.0742 6.99382e-07 -20.6016
-7.90076 -3.49691e-07 -14.3714
-13.0742 6.99382e-07 -20.6016
-11.7548 6.99382e-07 -21.3819
-8.78756 -3.49691e-07 -13.847
-9.63968 -3.49691e-07 -13.2679
-14.342 6.99382e-07 -19.74
-8.78756 -3.49691e-07 -13.847
-14.342 6.99382e-07 -19.74
-13.0742 6.99382e-07 -20.6016
-9.63968 -3.49691e-07 -13.2679
-10.4538 -3.49691e-07 -12.6364
-15.5531 6.99382e-07 -18.8005
-9.63968 -3.49691e-07 -13.2679
-15.5531 6.99382e-07 -18.8005
-14.342 6.99382e-07 -19.74
-10.4538 -3.49691e-07 -12.6364
-11.2266 -3.49691e-07 -11.9551
-16.703 6.99382e-07 -17.7868
-10.4538 -3.49691e-07 -12.6364
-16.703 6.99382e-07 -17.7868
-15.5531 6.99382e-07 -18.8005
-11.2266 -3.49691e-07 -11.9551
-11.9551 -3.49691e-07 -11.2266
-17.7868 6.99382e-07 -16.7029
-11.2266 -3.49691e-07 -11.9551
-17.7868 6.99382e-07 -16.7029
-16.703 6.99382e-07 -17.7868
-11.9551 -3.49691e-07 -11.2266
-12.6364 -3.49691e-07 -10.4538
-18.8005 6.99382e-07 -15.5531
-11.9551 -3.49691e-07 -11.2266
-18.8005 6.99382e-07 -15.5531
-17.7868 6.99382e-07 -16.7029
-12.6364 -3.49691e-07 -10.4538
-13.2679 -3.49691e-07 -9.63968
-19.74 6.99382e-07 -14.342
-12.6364 -3.49691e-07 -10.4538
-19.74 6.99382e-07 -14.342
-18.8005 6.99382e-07 -15.5531
-13.2679 -3.49691e-07 -9.63968
-13.847 -3.49691e-07 -8.78756
-20.6016 6.99382e-07 -13.0742
-13.2679 -3.49691e-07 -9.63968
-20.6016 6.99382e-07 -13.0742
-19.74 6.99382e-07 -14.342
-13.847 -3.49691e-07 -8.78756
-14.3714 -3.49691e-07 -7.90076
-21.3819 6.99382e-07 -11.7548
-13.847 -3.49691e-07 -8.78756
-21.3819 6.99382e-07 -11.7548
-20.6016 6.99382e-07 -13.0742
-14.3714 -3.49691e-07 -7.90076
-14.8392 -3.49691e-07 -6.98278
-22.0778 6.99382e-07 -10.389
-14.3714 -3.49691e-07 -7.90076
-22.0778 6.99382e-07 -10.389
-21.3819 6.99382e-07 -11.7548
-14.8392 -3.49691e-07 -6.98278
-15.2483 -3.49691e-07 -6.03724
-22.6865 6.99382e-07 -8.98223
-14.8392 -3.49691e-07 -6.98278
-22.6865 6.99382e-07 -8.98223
-22.0778 6.99382e-07 -10.389
-15.2483 -3.49691e-07 -6.03724
-15.5973 -3.49691e-07 -5.06787
-23.2058 6.99382e-07 -7.54001
-15.2483 -3.49691e-07 -6.03724
-23.2058 6.99382e-07 -7.54001
-22.6865 6.99382e-07 -8.98223
-15.5973 -3.49691e-07 -5.06787
-15.8848 -3.49691e-07 -4.07851
-23.6334 6.99382e-07 -6.06802
-15.5973 -3.49691e-07 -5.06787
-23.6334 6.99382e-07 -6.06802
-23.2058 6.99382e-07 -7.54001
-15.8848 -3.49691e-07 -4.07851
-16.1095 -3.49691e-07 -3.07305
-23.9678 6.99382e-07 -4.57209
-15.8848 -3.49691e-07 -4.07851
-23.9678 6.99382e-07 -4.57209
-23.6334 6.99382e-07 -6.06802
-16.1095 -3.49691e-07 -3.07305
-16.2707 -3.49691e-07 -2.05546
-24.2076 6.99382e-07 -3.05812
-16.1095 -3.49691e-07 -3.07305
-24.2076 6.99382e-07 -3.05812
-23.9678 6.99382e-07 -4.57209
-16.2707 -3.49691e-07 -2.05546
-16.3676 -3.49691e-07 -1.02976
-24.3519 6.99382e-07 -1.53208
-16.2707 -3.49691e-07 -2.05546
-24.3519 6.99382e-07 -1.53208
-24.2076 6.99382e-07 -3.05812
-16.3676 -3.49691e-07 -1.02976
-16.4 -3.49691e-07 1.95568e-07
-24.4 6.99382e-07 2.90967e-07
-16.3676 -3.49691e-07 -1.02976
-24.4 6.99382e-07 2.90967e-07
-24.3519 6.99382e-07 -1.53208
-16.4 -3.49691e-07 1.95568e-07
-16.3676 -3.49691e-07 1.02977
-24.3519 6.99382e-07 1.53209
-16.4 -3.49691e-07 1.95568e-07
-24.3519 6.99382e-07 1.53209
-24.4 6.99382e-07 2.90967e-07
-16.3676 -3.49691e-07 1.02977
-16.2707 -3.49691e-07 2.05547
-24.2076 6.99382e-07 3.05813
-16.3676 -3.49691e-07 1.02977
-24.2076 6.99382e-07 3.05813
-24.3519 6.99382e-07 1.53209
-16.2707 -3.49691e-07 2.05547
-16.1095 -3.49691e-07 3.07306
-23.9678 6.99382e-07 4.57211
-16.2707 -3.49691e-07 2.05547
-23.9678 6.99382e-07 4.57211
-24.2076 6.99382e-07 3.05813
-16.1095 -3.49691e-07 3.07306
-15.8848 -3.49691e-07 4.07852
-23.6334 6.99382e-07 6.06804
-16.1095 -3.49691e-07 3.07306
-23.6334 6.99382e-07 6.06804
-23.9678 6.99382e-07 4.57211
-15.8848 -3.49691e-07 4.07852
-15.5973 -3.49691e-07 5.06788
-23.2058 6.99382e-07 7.54002
-15.8848 -3.49691e-07 4.07852
-23.2058 6.99382e-07 7.54002
-23.6334 6.99382e-07 6.06804
-15.5973 -3.49691e-07 5.06788
-15.2483 -3.49691e-07 6.03724
-22.6865 6.99382e-07 8.98224
-15.5973 -3.49691e-07 5.06788
-22.6865 6.99382e-07 8.98224
-23.2058 6.99382e-07 7.54002
-15.2483 -3.49691e-07 6.03724
-14.8392 -3.49691e-07 6.98278
-22.0778 6.99382e-07 10.389
-15.2483 -3.49691e-07 6.03724
-22.0778 6.99382e-07 10.389
-22.6865 6.99382e-07 8.98224
-14.8392 -3.49691e-07 6.98278
-14.3714 -3.49691e-07 7.90076
-21.3819 6.99382e-07 11.7548
-14.8392 -3.49691e-07 6.98278
-21.3819 6.99382e-07 11.7548
-22.0778 6.99382e-07 10.389
-14.3714 -3.49691e-07 7.90076
-13.847 -3.49691e-07 8.78756
-20.6016 6.99382e-07 13.0742
-14.3714 -3.49691e-07 7.90076
-20.6016 6.99382e-07 13.0742
-21.3819 6.99382e-07 11.7548
-13.847 -3.49691e-07 8.78756
-13.2679 -3.49691e-07 9.63968
-19.74 6.99382e-07 14.342
-13.847 -3.49691e-07 8.78756
-19.74 6.99382e-07 14.342
-20.6016 6.99382e-07 13.0742
-13.2679 -3.49691e-07 9.63968
-12.6364 -3.49691e-07 10.4538
-18.8005 6.99382e-07 15.5532
-13.2679 -3.49691e-07 9.63968
-18.8005 6.99382e-07 15.5532
-19.74 6.99382e-07 14.342
-12.6364 -3.49691e-07 10.4538
-11.9551 -3.49691e-07 11.2266
-17.7868 6.99382e-07 16.703
-12.6364 -3.49691e-07 10.4538
-17.7868 6.99382e-07 16.703
-18.8005 6.99382e-07 15.5532
-11.9551 -3.49691e-07 11.2266
-11.2266 -3.49691e-07 11.9551
-16.7029 6.99382e-07 17.7868
-11.9551 -3.49691e-07 11.2266
-16.7029 6.99382e-07 17.7868
-17.7868 6.99382e-07 16.703
-11.2266 -3.49691e-07 11.9551
-10.4537 -3.49691e-07 12.6364
-15.5531 6.99382e-07 18.8005
-11.2266 -3.49691e-07 11.9551
-15.5531 6.99382e-07 18.8005
-16.7029 6.99382e-07 17.7868
-10.4537 -3.49691e-07 12.6364
-9.63967 -3.49691e-07 13.2679
-14.342 6.99382e-07 19.74
-10.4537 -3.49691e-07 12.6364
-14.342 6.99382e-07 19.74
-15.5531 6.99382e-07 18.8005
-9.63967 -3.49691e-07 13.2679
-8.78755 -3.49691e-07 13.847
-13.0742 6.99382e-07 20.6016
-9.63967 -3.49691e-07 13.2679
-13.0742 6.99382e-07 20.6016
-14.342 6.99382e-07 19.74
-8.78755 -3.49691e-07 13.847
-7.90075 -3.49691e-07 14.3714
-11.7548 6.99382e-07 21.3819
-8.78755 -3.49691e-07 13.847
-11.7548 6.99382e-07 21.3819
-13.0742 6.99382e-07 20.6016
-7.90075 -3.49691e-07 14.3714
-6.98277 -3.49691e-07 14.8392
-10.389 6.99382e-07 22.0778
-7.90075 -3.49691e-07 14.3714
-10.389 6.99382e-07 22.0778
-11.7548 6.99382e-07 21.3819
-6.98277 -3.49691e-07 14.8392
-6.03724 -3.49691e-07 15.2483
-8.98223 6.99382e-07 22.6866
-6.98277 -3.49691e-07 14.8392
-8.98223 6.99382e-07 22.6866
-10.389 6.99382e-07 22.0778
-6.03724 -3.49691e-07 15.2483
-5.06787 -3.49691e-07 15.5973
-7.54 6.99382e-07 23.2058
-6.03724 -3.49691e-07 15.2483
-7.54 6.99382e-07 23.2058
-8.98223 6.99382e-07 22.6866
-5.06787 -3.49691e-07 15.5973
-4.07851 -3.49691e-07 15.8848
-6.06802 6.99382e-07 23.6334
-5.06787 -3.49691e-07 15.5973
-6.06802 6.99382e-07 23.6334
-7.54 6.99382e-07 23.2058
-4.07851 -3.49691e-07 15.8848
-3.07305 -3.49691e-07 16.1095
-4.5721 6.99382e-07 23.9678
-4.07851 -3.49691e-07 15.8848
-4.5721 6.99382e-07 23.9678
-6.06802 6.99382e-07 23.6334
-3.07305 -3.49691e-07 16.1095
-2.05546 -3.49691e-07 16.2707
-3.05813 6.99382e-07 24.2076
-3.07305 -3.49691e-07 16.1095
-3.05813 6.99382e-07 24.2076
-4.5721 6.99382e-07 23.9678
-2.05546 -3.49691e-07 16.2707
-1.02976 -3.49691e-07 16.3676
-1.53209 6.99382e-07 24.3519
-2.05546 -3.49691e-07 16.2707
-1.53209 6.99382e-07 24.3519
-3.05813 6.99382e-07 24.2076
-1.02976 -3.49691e-07 16.3676
2.86747e-06 -3.49691e-07 16.4
4.26623e-06 6.99382e-07 24.4
-1.02976 -3.49691e-07 16.3676
4.26623e-06 6.99382e-07 24.4
-1.53209 6.99382e-07 24.3519
