0 0 3.25
0.204069 0 3.24359
0.172674 -2.18557e-08 2.74457
0 0 3.25
0.172674 -2.18557e-08 2.74457
0 -2.18557e-08 2.75
0.204069 0 3.24359
0.407333 0 3.22437
0.344666 -2.18557e-08 2.72832
0.204069 0 3.24359
0.344666 -2.18557e-08 2.72832
0.172674 -2.18557e-08 2.74457
0.407333 0 3.22437
0.608989 0 3.19243
0.515299 -2.18557e-08 2.70129
0.407333 0 3.22437
0.515299 -2.18557e-08 2.70129
0.344666 -2.18557e-08 2.72832
0.608989 0 3.19243
0.808242 0 3.1479
0.683897 -2.18557e-08 2.6636
0.608989 0 3.19243
0.683897 -2.18557e-08 2.6636
0.515299 -2.18557e-08 2.70129
0.808242 0 3.1479
1.00431 0 3.09093
0.849797 -2.18557e-08 2.61541
0.808242 0 3.1479
0.849797 -2.18557e-08 2.61541
0.683897 -2.18557e-08 2.6636
1.00431 0 3.09093
1.1964 0 3.02177
1.01234 -2.18557e-08 2.55689
1.00431 0 3.09093
1.01234 -2.18557e-08 2.55689
0.849797 -2.18557e-08 2.61541
1.1964 0 3.02177
1.38378 0 2.94069
1.17089 -2.18557e-08 2.48827
1.1964 0 3.02177
1.17089 -2.18557e-08 2.48827
1.01234 -2.18557e-08 2.55689
1.38378 0 2.94069
1.5657 0 2.848
1.32482 -2.18557e-08 2.40984
1.38378 0 2.94069
1.32482 -2.18557e-08 2.40984
1.17089 -2.18557e-08 2.48827
1.5657 0 2.848
1.74144 0 2.74407
1.47352 -2.18557e-08 2.3219
1.5657 0 2.848
1.47352 -2.18557e-08 2.3219
1.32482 -2.18557e-08 2.40984
1.74144 0 2.74407
1.9103 0 2.62931
1.61641 -2.18557e-08 2.2248
1.74144 0 2.74407
1.61641 -2.18557e-08 2.2248
1.47352 -2.18557e-08 2.3219
1.9103 0 2.62931
2.07163 0 2.50417
1.75292 -2.18557e-08 2.11891
1.9103 0 2.62931
1.75292 -2.18557e-08 2.11891
1.61641 -2.18557e-08 2.2248
2.07163 0 2.50417
2.22478 0 2.36915
1.8825 -2.18557e-08 2.00466
2.07163 0 2.50417
1.8825 -2.18557e-08 2.00466
1.75292 -2.18557e-08 2.11891
2.22478 0 2.36915
2.36915 0 2.22478
2.00466 -2.18557e-08 1.8825
2.22478 0 2.36915
2.00466 -2.18557e-08 1.8825
1.8825 -2.18557e-08 2.00466
2.36915 0 2.22478
2.50417 0 2.07163
2.11891 -2.18557e-08 1.75292
2.36915 0 2.22478
2.11891 -2.18557e-08 1.75292
2.00466 -2.18557e-08 1.8825
2.50417 0 2.07163
2.62931 0 1.9103
2.2248 -2.18557e-08 1.61641
2.50417 0 2.07163
2.2248 -2.18557e-08 1.61641
2.11891 -2.18557e-08 1.75292
2.62931 0 1.9103
2.74407 0 1.74144
2.3219 -2.18557e-08 1.47352
2.62931 0 1.9103
2.3219 -2.18557e-08 1.47352
2.2248 -2.18557e-08 1.61641
2.74407 0 1.74144
2.848 0 1.5657
2.40984 -2.18557e-08 1.32482
2.74407 0 1.74144
2.40984 -2.18557e-08 1.32482
2.3219 -2.18557e-08 1.47352
2.848 0 1.5657
2.94069 0 1.38378
2.48827 -2.18557e-08 1.17089
2.848 0 1.5657
2.48827 -2.18557e-08 1.17089
2.40984 -2.18557e-08 1.32482
2.94069 0 1.38378
3.02177 0 1.1964
2.55689 -2.18557e-08 1.01234
2.94069 0 1.38378
2.55689 -2.18557e-08 1.01234
2.48827 -2.18557e-08 1.17089
3.02177 0 1.1964
3.09093 0 1.00431
2.61541 -2.18557e-08 0.849797
3.02177 0 1.1964
2.61541 -2.18557e-08 0.849797
2.55689 -2.18557e-08 1.01234
3.09093 0 1.00431
3.1479 0 0.808242
2.6636 -2.18557e-08 0.683897
3.09093 0 1.00431
2.6636 -2.18557e-08 0.683897
2.61541 -2.18557e-08 0.849797
3.1479 0 0.808242
3.19243 0 0.608989
2.70129 -2.18557e-08 0.515298
3.1479 0 0.808242
2.70129 -2.18557e-08 0.515298
2.6636 -2.18557e-08 0.683897
3.19243 0 0.608989
3.22437 0 0.407333
2.72832 -2.18557e-08 0.344666
3.19243 0 0.608989
2.72832 -2.18557e-08 0.344666
2.70129 -2.18557e-08 0.515298
3.22437 0 0.407333
3.24359 0 0.204069
2.74457 -2.18557e-08 0.172674
3.22437 0 0.407333
2.74457 -2.18557e-08 0.172674
2.72832 -2.18557e-08 0.344666
3.24359 0 0.204069
3.25 0 -1.42062e-07
2.75 -2.18557e-08 -1.20206e-07
3.24359 0 0.204069
2.75 -2.18557e-08 -1.20206e-07
2.74457 -2.18557e-08 0.172674
3.25 0 -1.42062e-07
3.24359 0 -0.204069
2.74457 -2.18557e-08 -0.172674
3.25 0 -1.42062e-07
2.74457 -2.18557e-08 -0.172674
2.75 -2.18557e-08 -1.20206e-07
3.24359 0 -0.204069
3.22437 0 -0.407333
2.72832 -2.18557e-08 -0.344667
3.24359 0 -0.204069
2.72832 -2.18557e-08 -0.344667
2.74457 -2.18557e-08 -0.172674
3.22437 0 -0.407333
3.19243 0 -0.60899
2.70129 -2.18557e-08 -0.515299
3.22437 0 -0.407333
2.70129 -2.18557e-08 -0.515299
2.72832 -2.18557e-08 -0.344667
3.19243 0 -0.60899
3.1479 0 -0.808243
2.6636 -2.18557e-08 -0.683898
3.19243 0 -0.60899
2.6636 -2.18557e-08 -0.683898
2.70129 -2.18557e-08 -0.515299
3.1479 0 -0.808243
3.09093 0 -1.00431
2.61541 -2.18557e-08 -0.849797
3.1479 0 -0.808243
2.61541 -2.18557e-08 -0.849797
2.6636 -2.18557e-08 -0.683898
3.09093 0 -1.00431
3.02177 0 -1.19641
2.55689 -2.18557e-08 -1.01234
3.09093 0 -1.00431
2.55689 -2.18557e-08 -1.01234
2.61541 -2.18557e-08 -0.849797
3.02177 0 -1.19641
2.94069 0 -1.38378
2.48827 -2.18557e-08 -1.17089
3.02177 0 -1.19641
2.48827 -2.18557e-08 -1.17089
2.55689 -2.18557e-08 -1.01234
2.94069 0 -1.38378
2.848 0 -1.5657
2.40984 -2.18557e-08 -1.32482
2.94069 0 -1.38378
2.40984 -2.18557e-08 -1.32482
2.48827 -2.18557e-08 -1.17089
2.848 0 -1.5657
2.74407 0 -1.74144
2.3219 -2.18557e-08 -1.47352
2.848 0 -1.5657
2.3219 -2.18557e-08 -1.47352
2.40984 -2.18557e-08 -1.32482
2.74407 0 -1.74144
2.6293 0 -1.9103
2.2248 -2.18557e-08 -1.61641
2.74407 0 -1.74144
2.2248 -2.18557e-08 -1.61641
2.3219 -2.18557e-08 -1.47352
2.6293 0 -1.9103
2.50417 0 -2.07163
2.11891 -2.18557e-08 -1.75292
2.6293 0 -1.9103
2.11891 -2.18557e-08 -1.75292
2.2248 -2.18557e-08 -1.61641
2.50417 0 -2.07163
2.36915 0 -2.22478
2.00466 -2.18557e-08 -1.88251
2.50417 0 -2.07163
2.00466 -2.18557e-08 -1.88251
2.11891 -2.18557e-08 -1.75292
2.36915 0 -2.22478
2.22478 0 -2.36915
1.8825 -2.18557e-08 -2.00466
2.36915 0 -2.22478
1.8825 -2.18557e-08 -2.00466
2.00466 -2.18557e-08 -1.88251
2.22478 0 -2.36915
2.07163 0 -2.50417
1.75292 -2.18557e-08 -2.11891
2.22478 0 -2.36915
1.75292 -2.18557e-08 -2.11891
1.8825 -2.18557e-08 -2.00466
2.07163 0 -2.50417
1.9103 0 -2.62931
1.61641 -2.18557e-08 -2.2248
2.07163 0 -2.50417
1.61641 -2.18557e-08 -2.2248
1.75292 -2.18557e-08 -2.11891
1.9103 0 -2.62931
1.74144 0 -2.74407
1.47352 -2.18557e-08 -2.3219
1.9103 0 -2.62931
1.47352 -2.18557e-08 -2.3219
1.61641 -2.18557e-08 -2.2248
1.74144 0 -2.74407
1.5657 0 -2.848
1.32482 -2.18557e-08 -2.40984
1.74144 0 -2.74407
1.32482 -2.18557e-08 -2.40984
1.47352 -2.18557e-08 -2.3219
1.5657 0 -2.848
1.38378 0 -2.94069
1.17089 -2.18557e-08 -2.48827
1.5657 0 -2.848
1.17089 -2.18557e-08 -2.48827
1.32482 -2.18557e-08 -2.40984
1.38378 0 -2.94069
1.1964 0 -3.02177
1.01234 -2.18557e-08 -2.55689
1.38378 0 -2.94069
1.01234 -2.18557e-08 -2.55689
1.17089 -2.18557e-08 -2.48827
1.1964 0 -3.02177
1.0043 0 -3.09093
0.849796 -2.18557e-08 -2.61541
1.1964 0 -3.02177
0.849796 -2.18557e-08 -2.61541
1.01234 -2.18557e-08 -2.55689
1.0043 0 -3.09093
0.808241 0 -3.1479
0.683897 -2.18557e-08 -2.6636
1.0043 0 -3.09093
0.683897 -2.18557e-08 -2.6636
0.849796 -2.18557e-08 -2.61541
0.808241 0 -3.1479
0.608988 0 -3.19243
0.515298 -2.18557e-08 -2.70129
0.808241 0 -3.1479
0.515298 -2.18557e-08 -2.70129
0.683897 -2.18557e-08 -2.6636
0.608988 0 -3.19243
0.407332 0 -3.22437
0.344666 -2.18557e-08 -2.72832
0.608988 0 -3.19243
0.344666 -2.18557e-08 -2.72832
0.515298 -2.18557e-08 -2.70129
0.407332 0 -3.22437
0.204069 0 -3.24359
0.172674 -2.18557e-08 -2.74457
0.407332 0 -3.22437
0.172674 -2.18557e-08 -2.74457
0.344666 -2.18557e-08 -2.72832
0.204069 0 -3.24359
-2.84124e-07 0 -3.25
-2.40413e-07 -2.18557e-08 -2.75
0.204069 0 -3.24359
-2.40413e-07 -2.18557e-08 -2.75
0.172674 -2.18557e-08 -2.74457
-2.84124e-07 0 -3.25
-0.20407 0 -3.24359
-0.172674 -2.18557e-08 -2.74457
-2.84124e-07 0 -3.25
-0.172674 -2.18557e-08 -2.74457
-2.40413e-07 -2.18557e-08 -2.75
-0.20407 0 -3.24359
-0.407333 0 -3.22437
-0.344667 -2.18557e-08 -2.72832
-0.20407 0 -3.24359
-0.344667 -2.18557e-08 -2.72832
-0.172674 -2.18557e-08 -2.74457
-0.407333 0 -3.22437
-0.60899 0 -3.19243
-0.515299 -2.18557e-08 -2.70129
-0.407333 0 -3.22437
-0.515299 -2.18557e-08 -2.70129
-0.344667 -2.18557e-08 -2.72832
-0.60899 0 -3.19243
-0.808243 0 -3.1479
-0.683898 -2.18557e-08 -2.6636
-0.60899 0 -3.19243
-0.683898 -2.18557e-08 -2.6636
-0.515299 -2.18557e-08 -2.70129
-0.808243 0 -3.1479
-1.00431 0 -3.09093
-0.849797 -2.18557e-08 -2.61541
-0.808243 0 -3.1479
-0.849797 -2.18557e-08 -2.61541
-0.683898 -2.18557e-08 -2.6636
-1.00431 0 -3.09093
-1.19641 0 -3.02177
-1.01234 -2.18557e-08 -2.55689
-1.00431 0 -3.09093
-1.01234 -2.18557e-08 -2.55689
-0.849797 -2.18557e-08 -2.61541
-1.19641 0 -3.02177
-1.38378 0 -2.94069
-1.17089 -2.18557e-08 -2.48827
-1.19641 0 -3.02177
-1.17089 -2.18557e-08 -2.48827
-1.01234 -2.18557e-08 -2.55689
-1.38378 0 -2.94069
-1.5657 0 -2.848
-1.32482 -2.18557e-08 -2.40984
-1.38378 0 -2.94069
-1.32482 -2.18557e-08 -2.40984
-1.17089 -2.18557e-08 -2.48827
-1.5657 0 -2.848
-1.74144 0 -2.74407
-1.47352 -2.18557e-08 -2.3219
-1.5657 0 -2.848
-1.47352 -2.18557e-08 -2.3219
-1.32482 -2.18557e-08 -2.40984
-1.74144 0 -2.74407
-1.9103 0 -2.62931
-1.61641 -2.18557e-08 -2.2248
-1.74144 0 -2.74407
-1.61641 -2.18557e-08 -2.2248
-1.47352 -2.18557e-08 -2.3219
-1.9103 0 -2.62931
-2.07163 0 -2.50417
-1.75292 -2.18557e-08 -2.11891
-1.9103 0 -2.62931
-1.75292 -2.18557e-08 -2.11891
-1.61641 -2.18557e-08 -2.2248
-2.07163 0 -2.50417
-2.22478 0 -2.36915
-1.8825 -2.18557e-08 -2.00466
-2.07163 0 -2.50417
-1.8825 -2.18557e-08 -2.00466
-1.75292 -2.18557e-08 -2.11891
-2.22478 0 -2.36915
-2.36915 0 -2.22478
-2.00466 -2.18557e-08 -1.8825
-2.22478 0 -2.36915
-2.00466 -2.18557e-08 -1.8825
-1.8825 -2.18557e-08 -2.00466
-2.36915 0 -2.22478
-2.50417 0 -2.07163
-2.11891 -2.18557e-08 -1.75292
-2.36915 0 -2.22478
-2.11891 -2.18557e-08 -1.75292
-2.00466 -2.18557e-08 -1.8825
-2.50417 0 -2.07163
-2.62931 0 -1.9103
-2.2248 -2.18557e-08 -1.61641
-2.50417 0 -2.07163
-2.2248 -2.18557e-08 -1.61641
-2.11891 -2.18557e-08 -1.75292
-2.62931 0 -1.9103
-2.74407 0 -1.74144
-2.3219 -2.18557e-08 -1.47352
-2.62931 0 -1.9103
-2.3219 -2.18557e-08 -1.47352
-2.2248 -2.18557e-08 -1.61641
-2.74407 0 -1.74144
-2.848 0 -1.5657
-2.40984 -2.18557e-08 -1.32482
-2.74407 0 -1.74144
-2.40984 -2.18557e-08 -1.32482
-2.3219 -2.18557e-08 -1.47352
-2.848 0 -1.5657
-2.94069 0 -1.38378
-2.48827 -2.18557e-08 -1.17089
-2.848 0 -1.5657
-2.48827 -2.18557e-08 -1.17089
-2.40984 -2.18557e-08 -1.32482
-2.94069 0 -1.38378
-3.02177 0 -1.1964
-2.55689 -2.18557e-08 -1.01234
-2.94069 0 -1.38378
-2.55689 -2.18557e-08 -1.01234
-2.48827 -2.18557e-08 -1.17089
-3.02177 0 -1.1964
-3.09093 0 -1.0043
-2.61541 -2.18557e-08 -0.849796
-3.02177 0 -1.1964
-2.61541 -2.18557e-08 -0.849796
-2.55689 -2.18557e-08 -1.01234
-3.09093 0 -1.0043
-3.1479 0 -0.808241
-2.6636 -2.18557e-08 -0.683896
-3.09093 0 -1.0043
-2.6636 -2.18557e-08 -0.683896
-2.61541 -2.18557e-08 -0.849796
-3.1479 0 -0.808241
-3.19243 0 -0.608988
-2.70129 -2.18557e-08 -0.515298
-3.1479 0 -0.808241
-2.70129 -2.18557e-08 -0.515298
-2.6636 -2.18557e-08 -0.683896
-3.19243 0 -0.608988
-3.22437 0 -0.407332
-2.72832 -2.18557e-08 -0.344665
-3.19243 0 -0.608988
-2.72832 -2.18557e-08 -0.344665
-2.70129 -2.18557e-08 -0.515298
-3.22437 0 -0.407332
-3.24359 0 -0.204068
-2.74457 -2.18557e-08 -0.172673
-3.22437 0 -0.407332
-2.74457 -2.18557e-08 -0.172673
-2.72832 -2.18557e-08 -0.344665
-3.24359 0 -0.204068
-3.25 0 3.87559e-08
-2.75 -2.18557e-08 3.27934e-08
-3.24359 0 -0.204068
-2.75 -2.18557e-08 3.27934e-08
-2.74457 -2.18557e-08 -0.172673
-3.25 0 3.87559e-08
-3.24359 0 0.204069
-2.74457 -2.18557e-08 0.172674
-3.25 0 3.87559e-08
-2.74457 -2.18557e-08 0.172674
-2.75 -2.18557e-08 3.27934e-08
-3.24359 0 0.204069
-3.22437 0 0.407333
-2.72832 -2.18557e-08 0.344667
-3.24359 0 0.204069
-2.72832 -2.18557e-08 0.344667
-2.74457 -2.18557e-08 0.172674
-3.22437 0 0.407333
-3.19243 0 0.60899
-2.70129 -2.18557e-08 0.515299
-3.22437 0 0.407333
-2.70129 -2.18557e-08 0.515299
-2.72832 -2.18557e-08 0.344667
-3.19243 0 0.60899
-3.1479 0 0.808242
-2.6636 -2.18557e-08 0.683897
-3.19243 0 0.60899
-2.6636 -2.18557e-08 0.683897
-2.70129 -2.18557e-08 0.515299
-3.1479 0 0.808242
-3.09093 0 1.00431
-2.61541 -2.18557e-08 0.849797
-3.1479 0 0.808242
-2.61541 -2.18557e-08 0.849797
-2.6636 -2.18557e-08 0.683897
-3.09093 0 1.00431
-3.02177 0 1.19641
-2.55689 -2.18557e-08 1.01234
-3.09093 0 1.00431
-2.55689 -2.18557e-08 1.01234
-2.61541 -2.18557e-08 0.849797
-3.02177 0 1.19641
-2.94069 0 1.38378
-2.48827 -2.18557e-08 1.17089
-3.02177 0 1.19641
-2.48827 -2.18557e-08 1.17089
-2.55689 -2.18557e-08 1.01234
-2.94069 0 1.38378
-2.848 0 1.5657
-2.40984 -2.18557e-08 1.32482
-2.94069 0 1.38378
-2.40984 -2.18557e-08 1.32482
-2.48827 -2.18557e-08 1.17089
-2.848 0 1.5657
-2.74407 0 1.74144
-2.3219 -2.18557e-08 1.47352
-2.848 0 1.5657
-2.3219 -2.18557e-08 1.47352
-2.40984 -2.18557e-08 1.32482
-2.74407 0 1.74144
-2.6293 0 1.9103
-2.2248 -2.18557e-08 1.61641
-2.74407 0 1.74144
-2.2248 -2.18557e-08 1.61641
-2.3219 -2.18557e-08 1.47352
-2.6293 0 1.9103
-2.50417 0 2.07163
-2.11891 -2.18557e-08 1.75292
-2.6293 0 1.9103
-2.11891 -2.18557e-08 1.75292
-2.2248 -2.18557e-08 1.61641
-2.50417 0 2.07163
-2.36915 0 2.22478
-2.00466 -2.18557e-08 1.88251
-2.50417 0 2.07163
-2.00466 -2.18557e-08 1.88251
-2.11891 -2.18557e-08 1.75292
-2.36915 0 2.22478
-2.22478 0 2.36915
-1.8825 -2.18557e-08 2.00466
-2.36915 0 2.22478
-1.8825 -2.18557e-08 2.00466
-2.00466 -2.18557e-08 1.88251
-2.22478 0 2.36915
-2.07163 0 2.50417
-1.75292 -2.18557e-08 2.11891
-2.22478 0 2.36915
-1.75292 -2.18557e-08 2.11891
-1.8825 -2.18557e-08 2.00466
-2.07163 0 2.50417
-1.9103 0 2.62931
-1.61641 -2.18557e-08 2.2248
-2.07163 0 2.50417
-1.61641 -2.18557e-08 2.2248
-1.75292 -2.18557e-08 2.11891
-1.9103 0 2.62931
-1.74144 0 2.74407
-1.47352 -2.18557e-08 2.3219
-1.9103 0 2.62931
-1.47352 -2.18557e-08 2.3219
-1.61641 -2.18557e-08 2.2248
-1.74144 0 2.74407
-1.5657 0 2.848
-1.32482 -2.18557e-08 2.40984
-1.74144 0 2.74407
-1.32482 -2.18557e-08 2.40984
-1.47352 -2.18557e-08 2.3219
-1.5657 0 2.848
-1.38378 0 2.94069
-1.17089 -2.18557e-08 2.48827
-1.5657 0 2.848
-1.17089 -2.18557e-08 2.48827
-1.32482 -2.18557e-08 2.40984
-1.38378 0 2.94069
-1.1964 0 3.02177
-1.01234 -2.18557e-08 2.55689
-1.38378 0 2.94069
-1.01234 -2.18557e-08 2.55689
-1.17089 -2.18557e-08 2.48827
-1.1964 0 3.02177
-1.0043 0 3.09093
-0.849795 -2.18557e-08 2.61541
-1.1964 0 3.02177
-0.849795 -2.18557e-08 2.61541
-1.01234 -2.18557e-08 2.55689
-1.0043 0 3.09093
-0.80824 0 3.1479
-0.683896 -2.18557e-08 2.6636
-1.0043 0 3.09093
-0.683896 -2.18557e-08 2.6636
-0.849795 -2.18557e-08 2.61541
-0.80824 0 3.1479
-0.608989 0 3.19243
-0.515298 -2.18557e-08 2.70129
-0.80824 0 3.1479
-0.515298 -2.18557e-08 2.70129
-0.683896 -2.18557e-08 2.6636
-0.608989 0 3.19243
-0.407333 0 3.22437
-0.344666 -2.18557e-08 2.72832
-0.608989 0 3.19243
-0.344666 -2.18557e-08 2.72832
-0.515298 -2.18557e-08 2.70129
-0.407333 0 3.22437
-0.204069 0 3.24359
-0.172674 -2.18557e-08 2.74457
-0.407333 0 3.22437
-0.172674 -2.18557e-08 2.74457
-0.344666 -2.18557e-08 2.72832
-0.204069 0 3.24359
5.68248e-07 0 3.25
4.80825e-07 -2.18557e-08 2.75
-0.204069 0 3.24359
4.80825e-07 -2.18557e-08 2.75
-0.172674 -2.18557e-08 2.74457
0 -2.18557e-08 2.75
0.172674 -2.18557e-08 2.74457
0.204069 4.37114e-08 3.24359
0 -2.18557e-08 2.75
0.204069 4.37114e-08 3.24359
0 4.37114e-08 3.25
0.172674 -2.18557e-08 2.74457
0.344666 -2.18557e-08 2.72832
0.407333 4.37114e-08 3.22437
0.172674 -2.18557e-08 2.74457
0.407333 4.37114e-08 3.22437
0.204069 4.37114e-08 3.24359
0.344666 -2.18557e-08 2.72832
0.515299 -2.18557e-08 2.70129
0.608989 4.37114e-08 3.19243
0.344666 -2.18557e-08 2.72832
0.608989 4.37114e-08 3.19243
0.407333 4.37114e-08 3.22437
0.515299 -2.18557e-08 2.70129
0.683897 -2.18557e-08 2.6636
0.808242 4.37114e-08 3.1479
0.515299 -2.18557e-08 2.70129
0.808242 4.37114e-08 3.1479
0.608989 4.37114e-08 3.19243
0.683897 -2.18557e-08 2.6636
0.849797 -2.18557e-08 2.61541
1.00431 4.37114e-08 3.09093
0.683897 -2.18557e-08 2.6636
1.00431 4.37114e-08 3.09093
0.808242 4.37114e-08 3.1479
0.849797 -2.18557e-08 2.61541
1.01234 -2.18557e-08 2.55689
1.1964 4.37114e-08 3.02177
0.849797 -2.18557e-08 2.61541
1.1964 4.37114e-08 3.02177
1.00431 4.37114e-08 3.09093
1.01234 -2.18557e-08 2.55689
1.17089 -2.18557e-08 2.48827
1.38378 4.37114e-08 2.94069
1.01234 -2.18557e-08 2.55689
1.38378 4.37114e-08 2.94069
1.1964 4.37114e-08 3.02177
1.17089 -2.18557e-08 2.48827
1.32482 -2.18557e-08 2.40984
1.5657 4.37114e-08 2.848
1.17089 -2.18557e-08 2.48827
1.5657 4.37114e-08 2.848
1.38378 4.37114e-08 2.94069
1.32482 -2.18557e-08 2.40984
1.47352 -2.18557e-08 2.3219
1.74144 4.37114e-08 2.74407
1.32482 -2.18557e-08 2.40984
1.74144 4.37114e-08 2.74407
1.5657 4.37114e-08 2.848
1.47352 -2.18557e-08 2.3219
1.61641 -2.18557e-08 2.2248
1.9103 4.37114e-08 2.62931
1.47352 -2.18557e-08 2.3219
1.9103 4.37114e-08 2.62931
1.74144 4.37114e-08 2.74407
1.61641 -2.18557e-08 2.2248
1.75292 -2.18557e-08 2.11891
2.07163 4.37114e-08 2.50417
1.61641 -2.18557e-08 2.2248
2.07163 4.37114e-08 2.50417
1.9103 4.37114e-08 2.62931
1.75292 -2.18557e-08 2.11891
1.8825 -2.18557e-08 2.00466
2.22478 4.37114e-08 2.36915
1.75292 -2.18557e-08 2.11891
2.22478 4.37114e-08 2.36915
2.07163 4.37114e-08 2.50417
1.8825 -2.18557e-08 2.00466
2.00466 -2.18557e-08 1.8825
2.36915 4.37114e-08 2.22478
1.8825 -2.18557e-08 2.00466
2.36915 4.37114e-08 2.22478
2.22478 4.37114e-08 2.36915
2.00466 -2.18557e-08 1.8825
2.11891 -2.18557e-08 1.75292
2.50417 4.37114e-08 2.07163
2.00466 -2.18557e-08 1.8825
2.50417 4.37114e-08 2.07163
2.36915 4.37114e-08 2.22478
2.11891 -2.18557e-08 1.75292
2.2248 -2.18557e-08 1.61641
2.62931 4.37114e-08 1.9103
2.11891 -2.18557e-08 1.75292
2.62931 4.37114e-08 1.9103
2.50417 4.37114e-08 2.07163
2.2248 -2.18557e-08 1.61641
2.3219 -2.18557e-08 1.47352
2.74407 4.37114e-08 1.74144
2.2248 -2.18557e-08 1.61641
2.74407 4.37114e-08 1.74144
2.62931 4.37114e-08 1.9103
2.3219 -2.18557e-08 1.47352
2.40984 -2.18557e-08 1.32482
2.848 4.37114e-08 1.5657
2.3219 -2.18557e-08 1.47352
2.848 4.37114e-08 1.5657
2.74407 4.37114e-08 1.74144
2.40984 -2.18557e-08 1.32482
2.48827 -2.18557e-08 1.17089
2.94069 4.37114e-08 1.38378
2.40984 -2.18557e-08 1.32482
2.94069 4.37114e-08 1.38378
2.848 4.37114e-08 1.5657
2.48827 -2.18557e-08 1.17089
2.55689 -2.18557e-08 1.01234
3.02177 4.37114e-08 1.1964
2.48827 -2.18557e-08 1.17089
3.02177 4.37114e-08 1.1964
2.94069 4.37114e-08 1.38378
2.55689 -2.18557e-08 1.01234
2.61541 -2.18557e-08 0.849797
3.09093 4.37114e-08 1.00431
2.55689 -2.18557e-08 1.01234
3.09093 4.37114e-08 1.00431
3.02177 4.37114e-08 1.1964
2.61541 -2.18557e-08 0.849797
2.6636 -2.18557e-08 0.683897
3.1479 4.37114e-08 0.808242
2.61541 -2.18557e-08 0.849797
3.1479 4.37114e-08 0.808242
3.09093 4.37114e-08 1.00431
2.6636 -2.18557e-08 0.683897
2.70129 -2.18557e-08 0.515298
3.19243 4.37114e-08 0.608989
2.6636 -2.18557e-08 0.683897
3.19243 4.37114e-08 0.608989
3.1479 4.37114e-08 0.808242
2.70129 -2.18557e-08 0.515298
2.72832 -2.18557e-08 0.344666
3.22437 4.37114e-08 0.407333
2.70129 -2.18557e-08 0.515298
3.22437 4.37114e-08 0.407333
3.19243 4.37114e-08 0.608989
2.72832 -2.18557e-08 0.344666
2.74457 -2.18557e-08 0.172674
3.24359 4.37114e-08 0.204069
2.72832 -2.18557e-08 0.344666
3.24359 4.37114e-08 0.204069
3.22437 4.37114e-08 0.407333
2.74457 -2.18557e-08 0.172674
2.75 -2.18557e-08 -1.20206e-07
3.25 4.37114e-08 -1.42062e-07
2.74457 -2.18557e-08 0.172674
3.25 4.37114e-08 -1.42062e-07
3.24359 4.37114e-08 0.204069
2.75 -2.18557e-08 -1.20206e-07
2.74457 -2.18557e-08 -0.172674
3.24359 4.37114e-08 -0.204069
2.75 -2.18557e-08 -1.20206e-07
3.24359 4.37114e-08 -0.204069
3.25 4.37114e-08 -1.42062e-07
2.74457 -2.18557e-08 -0.172674
2.72832 -2.18557e-08 -0.344667
3.22437 4.37114e-08 -0.407333
2.74457 -2.18557e-08 -0.172674
3.22437 4.37114e-08 -0.407333
3.24359 4.37114e-08 -0.204069
2.72832 -2.18557e-08 -0.344667
2.70129 -2.18557e-08 -0.515299
3.19243 4.37114e-08 -0.60899
2.72832 -2.18557e-08 -0.344667
3.19243 4.37114e-08 -0.60899
3.22437 4.37114e-08 -0.407333
2.70129 -2.18557e-08 -0.515299
2.6636 -2.18557e-08 -0.683898
3.1479 4.37114e-08 -0.808243
2.70129 -2.18557e-08 -0.515299
3.1479 4.37114e-08 -0.808243
3.19243 4.37114e-08 -0.60899
2.6636 -2.18557e-08 -0.683898
2.61541 -2.18557e-08 -0.849797
3.09093 4.37114e-08 -1.00431
2.6636 -2.18557e-08 -0.683898
3.09093 4.37114e-08 -1.00431
3.1479 4.37114e-08 -0.808243
2.61541 -2.18557e-08 -0.849797
2.55689 -2.18557e-08 -1.01234
3.02177 4.37114e-08 -1.19641
2.61541 -2.18557e-08 -0.849797
3.02177 4.37114e-08 -1.19641
3.09093 4.37114e-08 -1.00431
2.55689 -2.18557e-08 -1.01234
2.48827 -2.18557e-08 -1.17089
2.94069 4.37114e-08 -1.38378
2.55689 -2.18557e-08 -1.01234
2.94069 4.37114e-08 -1.38378
3.02177 4.37114e-08 -1.19641
2.48827 -2.18557e-08 -1.17089
2.40984 -2.18557e-08 -1.32482
2.848 4.37114e-08 -1.5657
2.48827 -2.18557e-08 -1.17089
2.848 4.37114e-08 -1.5657
2.94069 4.37114e-08 -1.38378
2.40984 -2.18557e-08 -1.32482
2.3219 -2.18557e-08 -1.47352
2.74407 4.37114e-08 -1.74144
2.40984 -2.18557e-08 -1.32482
2.74407 4.37114e-08 -1.74144
2.848 4.37114e-08 -1.5657
2.3219 -2.18557e-08 -1.47352
2.2248 -2.18557e-08 -1.61641
2.6293 4.37114e-08 -1.9103
2.3219 -2.18557e-08 -1.47352
2.6293 4.37114e-08 -1.9103
2.74407 4.37114e-08 -1.74144
2.2248 -2.18557e-08 -1.61641
2.11891 -2.18557e-08 -1.75292
2.50417 4.37114e-08 -2.07163
2.2248 -2.18557e-08 -1.61641
2.50417 4.37114e-08 -2.07163
2.6293 4.37114e-08 -1.9103
2.11891 -2.18557e-08 -1.75292
2.00466 -2.18557e-08 -1.88251
2.36915 4.37114e-08 -2.22478
2.11891 -2.18557e-08 -1.75292
2.36915 4.37114e-08 -2.22478
2.50417 4.37114e-08 -2.07163
2.00466 -2.18557e-08 -1.88251
1.8825 -2.18557e-08 -2.00466
2.22478 4.37114e-08 -2.36915
2.00466 -2.18557e-08 -1.88251
2.22478 4.37114e-08 -2.36915
2.36915 4.37114e-08 -2.22478
1.8825 -2.18557e-08 -2.00466
1.75292 -2.18557e-08 -2.11891
2.07163 4.37114e-08 -2.50417
1.8825 -2.18557e-08 -2.00466
2.07163 4.37114e-08 -2.50417
2.22478 4.37114e-08 -2.36915
1.75292 -2.18557e-08 -2.11891
1.61641 -2.18557e-08 -2.2248
1.9103 4.37114e-08 -2.62931
1.75292 -2.18557e-08 -2.11891
1.9103 4.37114e-08 -2.62931
2.07163 4.37114e-08 -2.50417
1.61641 -2.18557e-08 -2.2248
1.47352 -2.18557e-08 -2.3219
1.74144 4.37114e-08 -2.74407
1.61641 -2.18557e-08 -2.2248
1.74144 4.37114e-08 -2.74407
1.9103 4.37114e-08 -2.62931
1.47352 -2.18557e-08 -2.3219
1.32482 -2.18557e-08 -2.40984
1.5657 4.37114e-08 -2.848
1.47352 -2.18557e-08 -2.3219
1.5657 4.37114e-08 -2.848
1.74144 4.37114e-08 -2.74407
1.32482 -2.18557e-08 -2.40984
1.17089 -2.18557e-08 -2.48827
1.38378 4.37114e-08 -2.94069
1.32482 -2.18557e-08 -2.40984
1.38378 4.37114e-08 -2.94069
1.5657 4.37114e-08 -2.848
1.17089 -2.18557e-08 -2.48827
1.01234 -2.18557e-08 -2.55689
1.1964 4.37114e-08 -3.02177
1.17089 -2.18557e-08 -2.48827
1.1964 4.37114e-08 -3.02177
1.38378 4.37114e-08 -2.94069
1.01234 -2.18557e-08 -2.55689
0.849796 -2.18557e-08 -2.61541
1.0043 4.37114e-08 -3.09093
1.01234 -2.18557e-08 -2.55689
1.0043 4.37114e-08 -3.09093
1.1964 4.37114e-08 -3.02177
0.849796 -2.18557e-08 -2.61541
0.683897 -2.18557e-08 -2.6636
0.808241 4.37114e-08 -3.1479
0.849796 -2.18557e-08 -2.61541
0.808241 4.37114e-08 -3.1479
1.0043 4.37114e-08 -3.09093
0.683897 -2.18557e-08 -2.6636
0.515298 -2.18557e-08 -2.70129
0.608988 4.37114e-08 -3.19243
0.683897 -2.18557e-08 -2.6636
0.608988 4.37114e-08 -3.19243
0.808241 4.37114e-08 -3.1479
0.515298 -2.18557e-08 -2.70129
0.344666 -2.18557e-08 -2.72832
0.407332 4.37114e-08 -3.22437
0.515298 -2.18557e-08 -2.70129
0.407332 4.37114e-08 -3.22437
0.608988 4.37114e-08 -3.19243
0.344666 -2.18557e-08 -2.72832
0.172674 -2.18557e-08 -2.74457
0.204069 4.37114e-08 -3.24359
0.344666 -2.18557e-08 -2.72832
0.204069 4.37114e-08 -3.24359
0.407332 4.37114e-08 -3.22437
0.172674 -2.18557e-08 -2.74457
-2.40413e-07 -2.18557e-08 -2.75
-2.84124e-07 4.37114e-08 -3.25
0.172674 -2.18557e-08 -2.74457
-2.84124e-07 4.37114e-08 -3.25
0.204069 4.37114e-08 -3.24359
-2.40413e-07 -2.18557e-08 -2.75
-0.172674 -2.18557e-08 -2.74457
-0.20407 4.37114e-08 -3.24359
-2.40413e-07 -2.18557e-08 -2.75
-0.20407 4.37114e-08 -3.24359
-2.84124e-07 4.37114e-08 -3.25
-0.172674 -2.18557e-08 -2.74457
-0.344667 -2.18557e-08 -2.72832
-0.407333 4.37114e-08 -3.22437
-0.172674 -2.18557e-08 -2.74457
-0.407333 4.37114e-08 -3.22437
-0.20407 4.37114e-08 -3.24359
-0.344667 -2.18557e-08 -2.72832
-0.515299 -2.18557e-08 -2.70129
-0.60899 4.37114e-08 -3.19243
-0.344667 -2.18557e-08 -2.72832
-0.60899 4.37114e-08 -3.19243
-0.407333 4.37114e-08 -3.22437
-0.515299 -2.18557e-08 -2.70129
-0.683898 -2.18557e-08 -2.6636
-0.808243 4.37114e-08 -3.1479
-0.515299 -2.18557e-08 -2.70129
-0.808243 4.37114e-08 -3.1479
-0.60899 4.37114e-08 -3.19243
-0.683898 -2.18557e-08 -2.6636
-0.849797 -2.18557e-08 -2.61541
-1.00431 4.37114e-08 -3.09093
-0.683898 -2.18557e-08 -2.6636
-1.00431 4.37114e-08 -3.09093
-0.808243 4.37114e-08 -3.1479
-0.849797 -2.18557e-08 -2.61541
-1.01234 -2.18557e-08 -2.55689
-1.19641 4.37114e-08 -3.02177
-0.849797 -2.18557e-08 -2.61541
-1.19641 4.37114e-08 -3.02177
-1.00431 4.37114e-08 -3.09093
-1.01234 -2.18557e-08 -2.55689
-1.17089 -2.18557e-08 -2.48827
-1.38378 4.37114e-08 -2.94069
-1.01234 -2.18557e-08 -2.55689
-1.38378 4.37114e-08 -2.94069
-1.19641 4.37114e-08 -3.02177
-1.17089 -2.18557e-08 -2.48827
-1.32482 -2.18557e-08 -2.40984
-1.5657 4.37114e-08 -2.848
-1.17089 -2.18557e-08 -2.48827
-1.5657 4.37114e-08 -2.848
-1.38378 4.37114e-08 -2.94069
-1.32482 -2.18557e-08 -2.40984
-1.47352 -2.18557e-08 -2.3219
-1.74144 4.37114e-08 -2.74407
-1.32482 -2.18557e-08 -2.40984
-1.74144 4.37114e-08 -2.74407
-1.5657 4.37114e-08 -2.848
-1.47352 -2.18557e-08 -2.3219
-1.61641 -2.18557e-08 -2.2248
-1.9103 4.37114e-08 -2.62931
-1.47352 -2.18557e-08 -2.3219
-1.9103 4.37114e-08 -2.62931
-1.74144 4.37114e-08 -2.74407
-1.61641 -2.18557e-08 -2.2248
-1.75292 -2.18557e-08 -2.11891
-2.07163 4.37114e-08 -2.50417
-1.61641 -2.18557e-08 -2.2248
-2.07163 4.37114e-08 -2.50417
-1.9103 4.37114e-08 -2.62931
-1.75292 -2.18557e-08 -2.11891
-1.8825 -2.18557e-08 -2.00466
-2.22478 4.37114e-08 -2.36915
-1.75292 -2.18557e-08 -2.11891
-2.22478 4.37114e-08 -2.36915
-2.07163 4.37114e-08 -2.50417
-1.8825 -2.18557e-08 -2.00466
-2.00466 -2.18557e-08 -1.8825
-2.36915 4.37114e-08 -2.22478
-1.8825 -2.18557e-08 -2.00466
-2.36915 4.37114e-08 -2.22478
-2.22478 4.37114e-08 -2.36915
-2.00466 -2.18557e-08 -1.8825
-2.11891 -2.18557e-08 -1.75292
-2.50417 4.37114e-08 -2.07163
-2.00466 -2.18557e-08 -1.8825
-2.50417 4.37114e-08 -2.07163
-2.36915 4.37114e-08 -2.22478
-2.11891 -2.18557e-08 -1.75292
-2.2248 -2.18557e-08 -1.61641
-2.62931 4.37114e-08 -1.9103
-2.11891 -2.18557e-08 -1.75292
-2.62931 4.37114e-08 -1.9103
-2.50417 4.37114e-08 -2.07163
-2.2248 -2.18557e-08 -1.61641
-2.3219 -2.18557e-08 -1.47352
-2.74407 4.37114e-08 -1.74144
-2.2248 -2.18557e-08 -1.61641
-2.74407 4.37114e-08 -1.74144
-2.62931 4.37114e-08 -1.9103
-2.3219 -2.18557e-08 -1.47352
-2.40984 -2.18557e-08 -1.32482
-2.848 4.37114e-08 -1.5657
-2.3219 -2.18557e-08 -1.47352
-2.848 4.37114e-08 -1.5657
-2.74407 4.37114e-08 -1.74144
-2.40984 -2.18557e-08 -1.32482
-2.48827 -2.18557e-08 -1.17089
-2.94069 4.37114e-08 -1.38378
-2.40984 -2.18557e-08 -1.32482
-2.94069 4.37114e-08 -1.38378
-2.848 4.37114e-08 -1.5657
-2.48827 -2.18557e-08 -1.17089
-2.55689 -2.18557e-08 -1.01234
-3.02177 4.37114e-08 -1.1964
-2.48827 -2.18557e-08 -1.17089
-3.02177 4.37114e-08 -1.1964
-2.94069 4.37114e-08 -1.38378
-2.55689 -2.18557e-08 -1.01234
-2.61541 -2.18557e-08 -0.849796
-3.09093 4.37114e-08 -1.0043
-2.55689 -2.18557e-08 -1.01234
-3.09093 4.37114e-08 -1.0043
-3.02177 4.37114e-08 -1.1964
-2.61541 -2.18557e-08 -0.849796
-2.6636 -2.18557e-08 -0.683896
-3.1479 4.37114e-08 -0.808241
-2.61541 -2.18557e-08 -0.849796
-3.1479 4.37114e-08 -0.808241
-3.09093 4.37114e-08 -1.0043
-2.6636 -2.18557e-08 -0.683896
-2.70129 -2.18557e-08 -0.515298
-3.19243 4.37114e-08 -0.608988
-2.6636 -2.18557e-08 -0.683896
-3.19243 4.37114e-08 -0.608988
-3.1479 4.37114e-08 -0.808241
-2.70129 -2.18557e-08 -0.515298
-2.72832 -2.18557e-08 -0.344665
-3.22437 4.37114e-08 -0.407332
-2.70129 -2.18557e-08 -0.515298
-3.22437 4.37114e-08 -0.407332
-3.19243 4.37114e-08 -0.608988
-2.72832 -2.18557e-08 -0.344665
-2.74457 -2.18557e-08 -0.172673
-3.24359 4.37114e-08 -0.204068
-2.72832 -2.18557e-08 -0.344665
-3.24359 4.37114e-08 -0.204068
-3.22437 4.37114e-08 -0.407332
-2.74457 -2.18557e-08 -0.172673
-2.75 -2.18557e-08 3.27934e-08
-3.25 4.37114e-08 3.87559e-08
-2.74457 -2.18557e-08 -0.172673
-3.25 4.37114e-08 3.87559e-08
-3.24359 4.37114e-08 -0.204068
-2.75 -2.18557e-08 3.27934e-08
-2.74457 -2.18557e-08 0.172674
-3.24359 4.37114e-08 0.204069
-2.75 -2.18557e-08 3.27934e-08
-3.24359 4.37114e-08 0.204069
-3.25 4.37114e-08 3.87559e-08
-2.74457 -2.18557e-08 0.172674
-2.72832 -2.18557e-08 0.344667
-3.22437 4.37114e-08 0.407333
-2.74457 -2.18557e-08 0.172674
-3.22437 4.37114e-08 0.407333
-3.24359 4.37114e-08 0.204069
-2.72832 -2.18557e-08 0.344667
-2.70129 -2.18557e-08 0.515299
-3.19243 4.37114e-08 0.60899
-2.72832 -2.18557e-08 0.344667
-3.19243 4.37114e-08 0.60899
-3.22437 4.37114e-08 0.407333
-2.70129 -2.18557e-08 0.515299
-2.6636 -2.18557e-08 0.683897
-3.1479 4.37114e-08 0.808242
-2.70129 -2.18557e-08 0.515299
-3.1479 4.37114e-08 0.808242
-3.19243 4.37114e-08 0.60899
-2.6636 -2.18557e-08 0.683897
-2.61541 -2.18557e-08 0.849797
-3.09093 4.37114e-08 1.00431
-2.6636 -2.18557e-08 0.683897
-3.09093 4.37114e-08 1.00431
-3.1479 4.37114e-08 0.808242
-2.61541 -2.18557e-08 0.849797
-2.55689 -2.18557e-08 1.01234
-3.02177 4.37114e-08 1.19641
-2.61541 -2.18557e-08 0.849797
-3.02177 4.37114e-08 1.19641
-3.09093 4.37114e-08 1.00431
-2.55689 -2.18557e-08 1.01234
-2.48827 -2.18557e-08 1.17089
-2.94069 4.37114e-08 1.38378
-2.55689 -2.18557e-08 1.01234
-2.94069 4.37114e-08 1.38378
-3.02177 4.37114e-08 1.19641
-2.48827 -2.18557e-08 1.17089
-2.40984 -2.18557e-08 1.32482
-2.848 4.37114e-08 1.5657
-2.48827 -2.18557e-08 1.17089
-2.848 4.37114e-08 1.5657
-2.94069 4.37114e-08 1.38378
-2.40984 -2.18557e-08 1.32482
-2.3219 -2.18557e-08 1.47352
-2.74407 4.37114e-08 1.74144
-2.40984 -2.18557e-08 1.32482
-2.74407 4.37114e-08 1.74144
-2.848 4.37114e-08 1.5657
-2.3219 -2.18557e-08 1.47352
-2.2248 -2.18557e-08 1.61641
-2.6293 4.37114e-08 1.9103
-2.3219 -2.18557e-08 1.47352
-2.6293 4.37114e-08 1.9103
-2.74407 4.37114e-08 1.74144
-2.2248 -2.18557e-08 1.61641
-2.11891 -2.18557e-08 1.75292
-2.50417 4.37114e-08 2.07163
-2.2248 -2.18557e-08 1.61641
-2.50417 4.37114e-08 2.07163
-2.6293 4.37114e-08 1.9103
-2.11891 -2.18557e-08 1.75292
-2.00466 -2.18557e-08 1.88251
-2.36915 4.37114e-08 2.22478
-2.11891 -2.18557e-08 1.75292
-2.36915 4.37114e-08 2.22478
-2.50417 4.37114e-08 2.07163
-2.00466 -2.18557e-08 1.88251
-1.8825 -2.18557e-08 2.00466
-2.22478 4.37114e-08 2.36915
-2.00466 -2.18557e-08 1.88251
-2.22478 4.37114e-08 2.36915
-2.36915 4.37114e-08 2.22478
-1.8825 -2.18557e-08 2.00466
-1.75292 -2.18557e-08 2.11891
-2.07163 4.37114e-08 2.50417
-1.8825 -2.18557e-08 2.00466
-2.07163 4.37114e-08 2.50417
-2.22478 4.37114e-08 2.36915
-1.75292 -2.18557e-08 2.11891
-1.61641 -2.18557e-08 2.2248
-1.9103 4.37114e-08 2.62931
-1.75292 -2.18557e-08 2.11891
-1.9103 4.37114e-08 2.62931
-2.07163 4.37114e-08 2.50417
-1.61641 -2.18557e-08 2.2248
-1.47352 -2.18557e-08 2.3219
-1.74144 4.37114e-08 2.74407
-1.61641 -2.18557e-08 2.2248
-1.74144 4.37114e-08 2.74407
-1.9103 4.37114e-08 2.62931
-1.47352 -2.18557e-08 2.3219
-1.32482 -2.18557e-08 2.40984
-1.5657 4.37114e-08 2.848
-1.47352 -2.18557e-08 2.3219
-1.5657 4.37114e-08 2.848
-1.74144 4.37114e-08 2.74407
-1.32482 -2.18557e-08 2.40984
-1.17089 -2.18557e-08 2.48827
-1.38378 4.37114e-08 2.94069
-1.32482 -2.18557e-08 2.40984
-1.38378 4.37114e-08 2.94069
-1.5657 4.37114e-08 2.848
-1.17089 -2.18557e-08 2.48827
-1.01234 -2.18557e-08 2.55689
-1.1964 4.37114e-08 3.02177
-1.17089 -2.18557e-08 2.48827
-1.1964 4.37114e-08 3.02177
-1.38378 4.37114e-08 2.94069
-1.01234 -2.18557e-08 2.55689
-0.849795 -2.18557e-08 2.61541
-1.0043 4.37114e-08 3.09093
-1.01234 -2.18557e-08 2.55689
-1.0043 4.37114e-08 3.09093
-1.1964 4.37114e-08 3.02177
-0.849795 -2.18557e-08 2.61541
-0.683896 -2.18557e-08 2.6636
-0.80824 4.37114e-08 3.1479
-0.849795 -2.18557e-08 2.61541
-0.80824 4.37114e-08 3.1479
-1.0043 4.37114e-08 3.09093
-0.683896 -2.18557e-08 2.6636
-0.515298 -2.18557e-08 2.70129
-0.608989 4.37114e-08 3.19243
-0.683896 -2.18557e-08 2.6636
-0.608989 4.37114e-08 3.19243
-0.80824 4.37114e-08 3.1479
-0.515298 -2.18557e-08 2.70129
-0.344666 -2.18557e-08 2.72832
-0.407333 4.37114e-08 3.22437
-0.515298 -2.18557e-08 2.70129
-0.407333 4.37114e-08 3.22437
-0.608989 4.37114e-08 3.19243
-0.344666 -2.18557e-08 2.72832
-0.172674 -2.18557e-08 2.74457
-0.204069 4.37114e-08 3.24359
-0.344666 -2.18557e-08 2.72832
-0.204069 4.37114e-08 3.24359
-0.407333 4.37114e-08 3.22437
-0.172674 -2.18557e-08 2.74457
4.80825e-07 -2.18557e-08 2.75
5.68248e-07 4.37114e-08 3.25
-0.172674 -2.18557e-08 2.74457
5.68248e-07 4.37114e-08 3.25
-0.204069 4.37114e-08 3.24359
