0 0 3.75
0.235464 0 3.7426
0.141279 -6.55671e-08 2.24556
0 0 3.75
0.141279 -6.55671e-08 2.24556
0 -6.55671e-08 2.25
0.235464 0 3.7426
0.47 0 3.72043
0.282 -6.55671e-08 2.23226
0.235464 0 3.7426
0.282 -6.55671e-08 2.23226
0.141279 -6.55671e-08 2.24556
0.47 0 3.72043
0.70268 0 3.68358
0.421608 -6.55671e-08 2.21015
0.47 0 3.72043
0.421608 -6.55671e-08 2.21015
0.282 -6.55671e-08 2.23226
0.70268 0 3.68358
0.932587 0 3.63219
0.559552 -6.55671e-08 2.17931
0.70268 0 3.68358
0.559552 -6.55671e-08 2.17931
0.421608 -6.55671e-08 2.21015
0.932587 0 3.63219
1.15881 0 3.56646
0.695288 -6.55671e-08 2.13988
0.932587 0 3.63219
0.695288 -6.55671e-08 2.13988
0.559552 -6.55671e-08 2.17931
1.15881 0 3.56646
1.38047 0 3.48666
0.82828 -6.55671e-08 2.092
1.15881 0 3.56646
0.82828 -6.55671e-08 2.092
0.695288 -6.55671e-08 2.13988
1.38047 0 3.48666
1.59667 0 3.3931
0.958003 -6.55671e-08 2.03586
1.38047 0 3.48666
0.958003 -6.55671e-08 2.03586
0.82828 -6.55671e-08 2.092
1.59667 0 3.3931
1.80658 0 3.28615
1.08395 -6.55671e-08 1.97169
1.59667 0 3.3931
1.08395 -6.55671e-08 1.97169
0.958003 -6.55671e-08 2.03586
1.80658 0 3.28615
2.00935 0 3.16623
1.20561 -6.55671e-08 1.89974
1.80658 0 3.28615
1.20561 -6.55671e-08 1.89974
1.08395 -6.55671e-08 1.97169
2.00935 0 3.16623
2.20419 0 3.03381
1.32252 -6.55671e-08 1.82029
2.00935 0 3.16623
1.32252 -6.55671e-08 1.82029
1.20561 -6.55671e-08 1.89974
2.20419 0 3.03381
2.39034 0 2.88942
1.4342 -6.55671e-08 1.73365
2.20419 0 3.03381
1.4342 -6.55671e-08 1.73365
1.32252 -6.55671e-08 1.82029
2.39034 0 2.88942
2.56705 0 2.73363
1.54023 -6.55671e-08 1.64018
2.39034 0 2.88942
1.54023 -6.55671e-08 1.64018
1.4342 -6.55671e-08 1.73365
2.56705 0 2.73363
2.73363 0 2.56705
1.64018 -6.55671e-08 1.54023
2.56705 0 2.73363
1.64018 -6.55671e-08 1.54023
1.54023 -6.55671e-08 1.64018
2.73363 0 2.56705
2.88942 0 2.39034
1.73365 -6.55671e-08 1.4342
2.73363 0 2.56705
1.73365 -6.55671e-08 1.4342
1.64018 -6.55671e-08 1.54023
2.88942 0 2.39034
3.03381 0 2.20419
1.82029 -6.55671e-08 1.32252
2.88942 0 2.39034
1.82029 -6.55671e-08 1.32252
1.73365 -6.55671e-08 1.4342
3.03381 0 2.20419
3.16623 0 2.00935
1.89974 -6.55671e-08 1.20561
3.03381 0 2.20419
1.89974 -6.55671e-08 1.20561
1.82029 -6.55671e-08 1.32252
3.16623 0 2.00935
3.28615 0 1.80658
1.97169 -6.55671e-08 1.08395
3.16623 0 2.00935
1.97169 -6.55671e-08 1.08395
1.89974 -6.55671e-08 1.20561
3.28615 0 1.80658
3.3931 0 1.59667
2.03586 -6.55671e-08 0.958003
3.28615 0 1.80658
2.03586 -6.55671e-08 0.958003
1.97169 -6.55671e-08 1.08395
3.3931 0 1.59667
3.48666 0 1.38047
2.092 -6.55671e-08 0.82828
3.3931 0 1.59667
2.092 -6.55671e-08 0.82828
2.03586 -6.55671e-08 0.958003
3.48666 0 1.38047
3.56646 0 1.15881
2.13988 -6.55671e-08 0.695288
3.48666 0 1.38047
2.13988 -6.55671e-08 0.695288
2.092 -6.55671e-08 0.82828
3.56646 0 1.15881
3.63219 0 0.932587
2.17931 -6.55671e-08 0.559552
3.56646 0 1.15881
2.17931 -6.55671e-08 0.559552
2.13988 -6.55671e-08 0.695288
3.63219 0 0.932587
3.68358 0 0.70268
2.21015 -6.55671e-08 0.421608
3.63219 0 0.932587
2.21015 -6.55671e-08 0.421608
2.17931 -6.55671e-08 0.559552
3.68358 0 0.70268
3.72043 0 0.469999
2.23226 -6.55671e-08 0.281999
3.68358 0 0.70268
2.23226 -6.55671e-08 0.281999
2.21015 -6.55671e-08 0.421608
3.72043 0 0.469999
3.7426 0 0.235464
2.24556 -6.55671e-08 0.141278
3.72043 0 0.469999
2.24556 -6.55671e-08 0.141278
2.23226 -6.55671e-08 0.281999
3.7426 0 0.235464
3.75 0 -1.63918e-07
2.25 -6.55671e-08 -9.83506e-08
3.7426 0 0.235464
2.25 -6.55671e-08 -9.83506e-08
2.24556 -6.55671e-08 0.141278
3.75 0 -1.63918e-07
3.7426 0 -0.235465
2.24556 -6.55671e-08 -0.141279
3.75 0 -1.63918e-07
2.24556 -6.55671e-08 -0.141279
2.25 -6.55671e-08 -9.83506e-08
3.7426 0 -0.235465
3.72043 0 -0.47
2.23226 -6.55671e-08 -0.282
3.7426 0 -0.235465
2.23226 -6.55671e-08 -0.282
2.24556 -6.55671e-08 -0.141279
3.72043 0 -0.47
3.68358 0 -0.70268
2.21015 -6.55671e-08 -0.421608
3.72043 0 -0.47
2.21015 -6.55671e-08 -0.421608
2.23226 -6.55671e-08 -0.282
3.68358 0 -0.70268
3.63219 0 -0.932588
2.17931 -6.55671e-08 -0.559553
3.68358 0 -0.70268
2.17931 -6.55671e-08 -0.559553
2.21015 -6.55671e-08 -0.421608
3.63219 0 -0.932588
3.56646 0 -1.15881
2.13988 -6.55671e-08 -0.695288
3.63219 0 -0.932588
2.13988 -6.55671e-08 -0.695288
2.17931 -6.55671e-08 -0.559553
3.56646 0 -1.15881
3.48666 0 -1.38047
2.092 -6.55671e-08 -0.82828
3.56646 0 -1.15881
2.092 -6.55671e-08 -0.82828
2.13988 -6.55671e-08 -0.695288
3.48666 0 -1.38047
3.3931 0 -1.59667
2.03586 -6.55671e-08 -0.958004
3.48666 0 -1.38047
2.03586 -6.55671e-08 -0.958004
2.092 -6.55671e-08 -0.82828
3.3931 0 -1.59667
3.28615 0 -1.80658
1.97169 -6.55671e-08 -1.08395
3.3931 0 -1.59667
1.97169 -6.55671e-08 -1.08395
2.03586 -6.55671e-08 -0.958004
3.28615 0 -1.80658
3.16623 0 -2.00935
1.89974 -6.55671e-08 -1.20561
3.28615 0 -1.80658
1.89974 -6.55671e-08 -1.20561
1.97169 -6.55671e-08 -1.08395
3.16623 0 -2.00935
3.03381 0 -2.2042
1.82029 -6.55671e-08 -1.32252
3.16623 0 -2.00935
1.82029 -6.55671e-08 -1.32252
1.89974 -6.55671e-08 -1.20561
3.03381 0 -2.2042
2.88942 0 -2.39034
1.73365 -6.55671e-08 -1.4342
3.03381 0 -2.2042
1.73365 -6.55671e-08 -1.4342
1.82029 -6.55671e-08 -1.32252
2.88942 0 -2.39034
2.73363 0 -2.56705
1.64018 -6.55671e-08 -1.54023
2.88942 0 -2.39034
1.64018 -6.55671e-08 -1.54023
1.73365 -6.55671e-08 -1.4342
2.73363 0 -2.56705
2.56705 0 -2.73363
1.54023 -6.55671e-08 -1.64018
2.73363 0 -2.56705
1.54023 -6.55671e-08 -1.64018
1.64018 -6.55671e-08 -1.54023
2.56705 0 -2.73363
2.39034 0 -2.88942
1.4342 -6.55671e-08 -1.73365
2.56705 0 -2.73363
1.4342 -6.55671e-08 -1.73365
1.54023 -6.55671e-08 -1.64018
2.39034 0 -2.88942
2.20419 0 -3.03381
1.32252 -6.55671e-08 -1.82029
2.39034 0 -2.88942
1.32252 -6.55671e-08 -1.82029
1.4342 -6.55671e-08 -1.73365
2.20419 0 -3.03381
2.00935 0 -3.16623
1.20561 -6.55671e-08 -1.89974
2.20419 0 -3.03381
1.20561 -6.55671e-08 -1.89974
1.32252 -6.55671e-08 -1.82029
2.00935 0 -3.16623
1.80658 0 -3.28615
1.08395 -6.55671e-08 -1.97169
2.00935 0 -3.16623
1.08395 -6.55671e-08 -1.97169
1.20561 -6.55671e-08 -1.89974
1.80658 0 -3.28615
1.59667 0 -3.3931
0.958003 -6.55671e-08 -2.03586
1.80658 0 -3.28615
0.958003 -6.55671e-08 -2.03586
1.08395 -6.55671e-08 -1.97169
1.59667 0 -3.3931
1.38047 0 -3.48666
0.82828 -6.55671e-08 -2.092
1.59667 0 -3.3931
0.82828 -6.55671e-08 -2.092
0.958003 -6.55671e-08 -2.03586
1.38047 0 -3.48666
1.15881 0 -3.56646
0.695288 -6.55671e-08 -2.13988
1.38047 0 -3.48666
0.695288 -6.55671e-08 -2.13988
0.82828 -6.55671e-08 -2.092
1.15881 0 -3.56646
0.932586 0 -3.63219
0.559552 -6.55671e-08 -2.17931
1.15881 0 -3.56646
0.559552 -6.55671e-08 -2.17931
0.695288 -6.55671e-08 -2.13988
0.932586 0 -3.63219
0.702679 0 -3.68358
0.421607 -6.55671e-08 -2.21015
0.932586 0 -3.63219
0.421607 -6.55671e-08 -2.21015
0.559552 -6.55671e-08 -2.17931
0.702679 0 -3.68358
0.469999 0 -3.72043
0.281999 -6.55671e-08 -2.23226
0.702679 0 -3.68358
0.281999 -6.55671e-08 -2.23226
0.421607 -6.55671e-08 -2.21015
0.469999 0 -3.72043
0.235464 0 -3.7426
0.141279 -6.55671e-08 -2.24556
0.469999 0 -3.72043
0.141279 -6.55671e-08 -2.24556
0.281999 -6.55671e-08 -2.23226
0.235464 0 -3.7426
-3.27835e-07 0 -3.75
-1.96701e-07 -6.55671e-08 -2.25
0.235464 0 -3.7426
-1.96701e-07 -6.55671e-08 -2.25
0.141279 -6.55671e-08 -2.24556
-3.27835e-07 0 -3.75
-0.235465 0 -3.7426
-0.141279 -6.55671e-08 -2.24556
-3.27835e-07 0 -3.75
-0.141279 -6.55671e-08 -2.24556
-1.96701e-07 -6.55671e-08 -2.25
-0.235465 0 -3.7426
-0.47 0 -3.72043
-0.282 -6.55671e-08 -2.23226
-0.235465 0 -3.7426
-0.282 -6.55671e-08 -2.23226
-0.141279 -6.55671e-08 -2.24556
-0.47 0 -3.72043
-0.702681 0 -3.68358
-0.421608 -6.55671e-08 -2.21015
-0.47 0 -3.72043
-0.421608 -6.55671e-08 -2.21015
-0.282 -6.55671e-08 -2.23226
-0.702681 0 -3.68358
-0.932588 0 -3.63219
-0.559553 -6.55671e-08 -2.17931
-0.702681 0 -3.68358
-0.559553 -6.55671e-08 -2.17931
-0.421608 -6.55671e-08 -2.21015
-0.932588 0 -3.63219
-1.15881 0 -3.56646
-0.695289 -6.55671e-08 -2.13988
-0.932588 0 -3.63219
-0.695289 -6.55671e-08 -2.13988
-0.559553 -6.55671e-08 -2.17931
-1.15881 0 -3.56646
-1.38047 0 -3.48666
-0.828281 -6.55671e-08 -2.092
-1.15881 0 -3.56646
-0.828281 -6.55671e-08 -2.092
-0.695289 -6.55671e-08 -2.13988
-1.38047 0 -3.48666
-1.59667 0 -3.3931
-0.958004 -6.55671e-08 -2.03586
-1.38047 0 -3.48666
-0.958004 -6.55671e-08 -2.03586
-0.828281 -6.55671e-08 -2.092
-1.59667 0 -3.3931
-1.80658 0 -3.28615
-1.08395 -6.55671e-08 -1.97169
-1.59667 0 -3.3931
-1.08395 -6.55671e-08 -1.97169
-0.958004 -6.55671e-08 -2.03586
-1.80658 0 -3.28615
-2.00935 0 -3.16623
-1.20561 -6.55671e-08 -1.89974
-1.80658 0 -3.28615
-1.20561 -6.55671e-08 -1.89974
-1.08395 -6.55671e-08 -1.97169
-2.00935 0 -3.16623
-2.2042 0 -3.03381
-1.32252 -6.55671e-08 -1.82029
-2.00935 0 -3.16623
-1.32252 -6.55671e-08 -1.82029
-1.20561 -6.55671e-08 -1.89974
-2.2042 0 -3.03381
-2.39034 0 -2.88942
-1.4342 -6.55671e-08 -1.73365
-2.2042 0 -3.03381
-1.4342 -6.55671e-08 -1.73365
-1.32252 -6.55671e-08 -1.82029
-2.39034 0 -2.88942
-2.56705 0 -2.73363
-1.54023 -6.55671e-08 -1.64018
-2.39034 0 -2.88942
-1.54023 -6.55671e-08 -1.64018
-1.4342 -6.55671e-08 -1.73365
-2.56705 0 -2.73363
-2.73363 0 -2.56705
-1.64018 -6.55671e-08 -1.54023
-2.56705 0 -2.73363
-1.64018 -6.55671e-08 -1.54023
-1.54023 -6.55671e-08 -1.64018
-2.73363 0 -2.56705
-2.88943 0 -2.39034
-1.73366 -6.55671e-08 -1.4342
-2.73363 0 -2.56705
-1.73366 -6.55671e-08 -1.4342
-1.64018 -6.55671e-08 -1.54023
-2.88943 0 -2.39034
-3.03381 0 -2.20419
-1.82029 -6.55671e-08 -1.32252
-2.88943 0 -2.39034
-1.82029 -6.55671e-08 -1.32252
-1.73366 -6.55671e-08 -1.4342
-3.03381 0 -2.20419
-3.16623 0 -2.00935
-1.89974 -6.55671e-08 -1.20561
-3.03381 0 -2.20419
-1.89974 -6.55671e-08 -1.20561
-1.82029 -6.55671e-08 -1.32252
-3.16623 0 -2.00935
-3.28615 0 -1.80658
-1.97169 -6.55671e-08 -1.08395
-3.16623 0 -2.00935
-1.97169 -6.55671e-08 -1.08395
-1.89974 -6.55671e-08 -1.20561
-3.28615 0 -1.80658
-3.3931 0 -1.59667
-2.03586 -6.55671e-08 -0.958003
-3.28615 0 -1.80658
-2.03586 -6.55671e-08 -0.958003
-1.97169 -6.55671e-08 -1.08395
-3.3931 0 -1.59667
-3.48666 0 -1.38047
-2.092 -6.55671e-08 -0.82828
-3.3931 0 -1.59667
-2.092 -6.55671e-08 -0.82828
-2.03586 -6.55671e-08 -0.958003
-3.48666 0 -1.38047
-3.56646 0 -1.15881
-2.13988 -6.55671e-08 -0.695287
-3.48666 0 -1.38047
-2.13988 -6.55671e-08 -0.695287
-2.092 -6.55671e-08 -0.82828
-3.56646 0 -1.15881
-3.63219 0 -0.932586
-2.17931 -6.55671e-08 -0.559551
-3.56646 0 -1.15881
-2.17931 -6.55671e-08 -0.559551
-2.13988 -6.55671e-08 -0.695287
-3.63219 0 -0.932586
-3.68358 0 -0.702678
-2.21015 -6.55671e-08 -0.421607
-3.63219 0 -0.932586
-2.21015 -6.55671e-08 -0.421607
-2.17931 -6.55671e-08 -0.559551
-3.68358 0 -0.702678
-3.72043 0 -0.469998
-2.23226 -6.55671e-08 -0.281999
-3.68358 0 -0.702678
-2.23226 -6.55671e-08 -0.281999
-2.21015 -6.55671e-08 -0.421607
-3.72043 0 -0.469998
-3.7426 0 -0.235463
-2.24556 -6.55671e-08 -0.141278
-3.72043 0 -0.469998
-2.24556 -6.55671e-08 -0.141278
-2.23226 -6.55671e-08 -0.281999
-3.7426 0 -0.235463
-3.75 0 4.47183e-08
-2.25 -6.55671e-08 2.6831e-08
-3.7426 0 -0.235463
-2.25 -6.55671e-08 2.6831e-08
-2.24556 -6.55671e-08 -0.141278
-3.75 0 4.47183e-08
-3.7426 0 0.235465
-2.24556 -6.55671e-08 0.141279
-3.75 0 4.47183e-08
-2.24556 -6.55671e-08 0.141279
-2.25 -6.55671e-08 2.6831e-08
-3.7426 0 0.235465
-3.72043 0 0.47
-2.23226 -6.55671e-08 0.282
-3.7426 0 0.235465
-2.23226 -6.55671e-08 0.282
-2.24556 -6.55671e-08 0.141279
-3.72043 0 0.47
-3.68358 0 0.70268
-2.21015 -6.55671e-08 0.421608
-3.72043 0 0.47
-2.21015 -6.55671e-08 0.421608
-2.23226 -6.55671e-08 0.282
-3.68358 0 0.70268
-3.63219 0 0.932588
-2.17931 -6.55671e-08 0.559552
-3.68358 0 0.70268
-2.17931 -6.55671e-08 0.559552
-2.21015 -6.55671e-08 0.421608
-3.63219 0 0.932588
-3.56646 0 1.15881
-2.13988 -6.55671e-08 0.695289
-3.63219 0 0.932588
-2.13988 -6.55671e-08 0.695289
-2.17931 -6.55671e-08 0.559552
-3.56646 0 1.15881
-3.48666 0 1.38047
-2.092 -6.55671e-08 0.828281
-3.56646 0 1.15881
-2.092 -6.55671e-08 0.828281
-2.13988 -6.55671e-08 0.695289
-3.48666 0 1.38047
-3.3931 0 1.59667
-2.03586 -6.55671e-08 0.958004
-3.48666 0 1.38047
-2.03586 -6.55671e-08 0.958004
-2.092 -6.55671e-08 0.828281
-3.3931 0 1.59667
-3.28615 0 1.80658
-1.97169 -6.55671e-08 1.08395
-3.3931 0 1.59667
-1.97169 -6.55671e-08 1.08395
-2.03586 -6.55671e-08 0.958004
-3.28615 0 1.80658
-3.16623 0 2.00935
-1.89974 -6.55671e-08 1.20561
-3.28615 0 1.80658
-1.89974 -6.55671e-08 1.20561
-1.97169 -6.55671e-08 1.08395
-3.16623 0 2.00935
-3.03381 0 2.2042
-1.82029 -6.55671e-08 1.32252
-3.16623 0 2.00935
-1.82029 -6.55671e-08 1.32252
-1.89974 -6.55671e-08 1.20561
-3.03381 0 2.2042
-2.88942 0 2.39034
-1.73365 -6.55671e-08 1.4342
-3.03381 0 2.2042
-1.73365 -6.55671e-08 1.4342
-1.82029 -6.55671e-08 1.32252
-2.88942 0 2.39034
-2.73363 0 2.56705
-1.64018 -6.55671e-08 1.54023
-2.88942 0 2.39034
-1.64018 -6.55671e-08 1.54023
-1.73365 -6.55671e-08 1.4342
-2.73363 0 2.56705
-2.56705 0 2.73363
-1.54023 -6.55671e-08 1.64018
-2.73363 0 2.56705
-1.54023 -6.55671e-08 1.64018
-1.64018 -6.55671e-08 1.54023
-2.56705 0 2.73363
-2.39034 0 2.88943
-1.4342 -6.55671e-08 1.73366
-2.56705 0 2.73363
-1.4342 -6.55671e-08 1.73366
-1.54023 -6.55671e-08 1.64018
-2.39034 0 2.88943
-2.20419 0 3.03381
-1.32252 -6.55671e-08 1.82029
-2.39034 0 2.88943
-1.32252 -6.55671e-08 1.82029
-1.4342 -6.55671e-08 1.73366
-2.20419 0 3.03381
-2.00935 0 3.16623
-1.20561 -6.55671e-08 1.89974
-2.20419 0 3.03381
-1.20561 -6.55671e-08 1.89974
-1.32252 -6.55671e-08 1.82029
-2.00935 0 3.16623
-1.80657 0 3.28615
-1.08394 -6.55671e-08 1.97169
-2.00935 0 3.16623
-1.08394 -6.55671e-08 1.97169
-1.20561 -6.55671e-08 1.89974
-1.80657 0 3.28615
-1.59667 0 3.3931
-0.958002 -6.55671e-08 2.03586
-1.80657 0 3.28615
-0.958002 -6.55671e-08 2.03586
-1.08394 -6.55671e-08 1.97169
-1.59667 0 3.3931
-1.38047 0 3.48666
-0.828279 -6.55671e-08 2.092
-1.59667 0 3.3931
-0.828279 -6.55671e-08 2.092
-0.958002 -6.55671e-08 2.03586
-1.38047 0 3.48666
-1.15881 0 3.56646
-0.695287 -6.55671e-08 2.13988
-1.38047 0 3.48666
-0.695287 -6.55671e-08 2.13988
-0.828279 -6.55671e-08 2.092
-1.15881 0 3.56646
-0.932585 0 3.63219
-0.559551 -6.55671e-08 2.17931
-1.15881 0 3.56646
-0.559551 -6.55671e-08 2.17931
-0.695287 -6.55671e-08 2.13988
-0.932585 0 3.63219
-0.70268 0 3.68358
-0.421608 -6.55671e-08 2.21015
-0.932585 0 3.63219
-0.421608 -6.55671e-08 2.21015
-0.559551 -6.55671e-08 2.17931
-0.70268 0 3.68358
-0.469999 0 3.72043
-0.281999 -6.55671e-08 2.23226
-0.70268 0 3.68358
-0.281999 -6.55671e-08 2.23226
-0.421608 -6.55671e-08 2.21015
-0.469999 0 3.72043
-0.235464 0 3.7426
-0.141278 -6.55671e-08 2.24556
-0.469999 0 3.72043
-0.141278 -6.55671e-08 2.24556
-0.281999 -6.55671e-08 2.23226
-0.235464 0 3.7426
6.55671e-07 0 3.75
3.93403e-07 -6.55671e-08 2.25
-0.235464 0 3.7426
3.93403e-07 -6.55671e-08 2.25
-0.141278 -6.55671e-08 2.24556
0 -6.55671e-08 2.25
0.141279 -6.55671e-08 2.24556
0.235464 1.31134e-07 3.7426
0 -6.55671e-08 2.25
0.235464 1.31134e-07 3.7426
0 1.31134e-07 3.75
0.141279 -6.55671e-08 2.24556
0.282 -6.55671e-08 2.23226
0.47 1.31134e-07 3.72043
0.141279 -6.55671e-08 2.24556
0.47 1.31134e-07 3.72043
0.235464 1.31134e-07 3.7426
0.282 -6.55671e-08 2.23226
0.421608 -6.55671e-08 2.21015
0.70268 1.31134e-07 3.68358
0.282 -6.55671e-08 2.23226
0.70268 1.31134e-07 3.68358
0.47 1.31134e-07 3.72043
0.421608 -6.55671e-08 2.21015
0.559552 -6.55671e-08 2.17931
0.932587 1.31134e-07 3.63219
0.421608 -6.55671e-08 2.21015
0.932587 1.31134e-07 3.63219
0.70268 1.31134e-07 3.68358
0.559552 -6.55671e-08 2.17931
0.695288 -6.55671e-08 2.13988
1.15881 1.31134e-07 3.56646
0.559552 -6.55671e-08 2.17931
1.15881 1.31134e-07 3.56646
0.932587 1.31134e-07 3.63219
0.695288 -6.55671e-08 2.13988
0.82828 -6.55671e-08 2.092
1.38047 1.31134e-07 3.48666
0.695288 -6.55671e-08 2.13988
1.38047 1.31134e-07 3.48666
1.15881 1.31134e-07 3.56646
0.82828 -6.55671e-08 2.092
0.958003 -6.55671e-08 2.03586
1.59667 1.31134e-07 3.3931
0.82828 -6.55671e-08 2.092
1.59667 1.31134e-07 3.3931
1.38047 1.31134e-07 3.48666
0.958003 -6.55671e-08 2.03586
1.08395 -6.55671e-08 1.97169
1.80658 1.31134e-07 3.28615
0.958003 -6.55671e-08 2.03586
1.80658 1.31134e-07 3.28615
1.59667 1.31134e-07 3.3931
1.08395 -6.55671e-08 1.97169
1.20561 -6.55671e-08 1.89974
2.00935 1.31134e-07 3.16623
1.08395 -6.55671e-08 1.97169
2.00935 1.31134e-07 3.16623
1.80658 1.31134e-07 3.28615
1.20561 -6.55671e-08 1.89974
1.32252 -6.55671e-08 1.82029
2.20419 1.31134e-07 3.03381
1.20561 -6.55671e-08 1.89974
2.20419 1.31134e-07 3.03381
2.00935 1.31134e-07 3.16623
1.32252 -6.55671e-08 1.82029
1.4342 -6.55671e-08 1.73365
2.39034 1.31134e-07 2.88942
1.32252 -6.55671e-08 1.82029
2.39034 1.31134e-07 2.88942
2.20419 1.31134e-07 3.03381
1.4342 -6.55671e-08 1.73365
1.54023 -6.55671e-08 1.64018
2.56705 1.31134e-07 2.73363
1.4342 -6.55671e-08 1.73365
2.56705 1.31134e-07 2.73363
2.39034 1.31134e-07 2.88942
1.54023 -6.55671e-08 1.64018
1.64018 -6.55671e-08 1.54023
2.73363 1.31134e-07 2.56705
1.54023 -6.55671e-08 1.64018
2.73363 1.31134e-07 2.56705
2.56705 1.31134e-07 2.73363
1.64018 -6.55671e-08 1.54023
1.73365 -6.55671e-08 1.4342
2.88942 1.31134e-07 2.39034
1.64018 -6.55671e-08 1.54023
2.88942 1.31134e-07 2.39034
2.73363 1.31134e-07 2.56705
1.73365 -6.55671e-08 1.4342
1.82029 -6.55671e-08 1.32252
3.03381 1.31134e-07 2.20419
1.73365 -6.55671e-08 1.4342
3.03381 1.31134e-07 2.20419
2.88942 1.31134e-07 2.39034
1.82029 -6.55671e-08 1.32252
1.89974 -6.55671e-08 1.20561
3.16623 1.31134e-07 2.00935
1.82029 -6.55671e-08 1.32252
3.16623 1.31134e-07 2.00935
3.03381 1.31134e-07 2.20419
1.89974 -6.55671e-08 1.20561
1.97169 -6.55671e-08 1.08395
3.28615 1.31134e-07 1.80658
1.89974 -6.55671e-08 1.20561
3.28615 1.31134e-07 1.80658
3.16623 1.31134e-07 2.00935
1.97169 -6.55671e-08 1.08395
2.03586 -6.55671e-08 0.958003
3.3931 1.31134e-07 1.59667
1.97169 -6.55671e-08 1.08395
3.3931 1.31134e-07 1.59667
3.28615 1.31134e-07 1.80658
2.03586 -6.55671e-08 0.958003
2.092 -6.55671e-08 0.82828
3.48666 1.31134e-07 1.38047
2.03586 -6.55671e-08 0.958003
3.48666 1.31134e-07 1.38047
3.3931 1.31134e-07 1.59667
2.092 -6.55671e-08 0.82828
2.13988 -6.55671e-08 0.695288
3.56646 1.31134e-07 1.15881
2.092 -6.55671e-08 0.82828
3.56646 1.31134e-07 1.15881
3.48666 1.31134e-07 1.38047
2.13988 -6.55671e-08 0.695288
2.17931 -6.55671e-08 0.559552
3.63219 1.31134e-07 0.932587
2.13988 -6.55671e-08 0.695288
3.63219 1.31134e-07 0.932587
3.56646 1.31134e-07 1.15881
2.17931 -6.55671e-08 0.559552
2.21015 -6.55671e-08 0.421608
3.68358 1.31134e-07 0.70268
2.17931 -6.55671e-08 0.559552
3.68358 1.31134e-07 0.70268
3.63219 1.31134e-07 0.932587
2.21015 -6.55671e-08 0.421608
2.23226 -6.55671e-08 0.281999
3.72043 1.31134e-07 0.469999
2.21015 -6.55671e-08 0.421608
3.72043 1.31134e-07 0.469999
3.68358 1.31134e-07 0.70268
2.23226 -6.55671e-08 0.281999
2.24556 -6.55671e-08 0.141278
3.7426 1.31134e-07 0.235464
2.23226 -6.55671e-08 0.281999
3.7426 1.31134e-07 0.235464
3.72043 1.31134e-07 0.469999
2.24556 -6.55671e-08 0.141278
2.25 -6.55671e-08 -9.83506e-08
3.75 1.31134e-07 -1.63918e-07
2.24556 -6.55671e-08 0.141278
3.75 1.31134e-07 -1.63918e-07
3.7426 1.31134e-07 0.235464
2.25 -6.55671e-08 -9.83506e-08
2.24556 -6.55671e-08 -0.141279
3.7426 1.31134e-07 -0.235465
2.25 -6.55671e-08 -9.83506e-08
3.7426 1.31134e-07 -0.235465
3.75 1.31134e-07 -1.63918e-07
2.24556 -6.55671e-08 -0.141279
2.23226 -6.55671e-08 -0.282
3.72043 1.31134e-07 -0.47
2.24556 -6.55671e-08 -0.141279
3.72043 1.31134e-07 -0.47
3.7426 1.31134e-07 -0.235465
2.23226 -6.55671e-08 -0.282
2.21015 -6.55671e-08 -0.421608
3.68358 1.31134e-07 -0.70268
2.23226 -6.55671e-08 -0.282
3.68358 1.31134e-07 -0.70268
3.72043 1.31134e-07 -0.47
2.21015 -6.55671e-08 -0.421608
2.17931 -6.55671e-08 -0.559553
3.63219 1.31134e-07 -0.932588
2.21015 -6.55671e-08 -0.421608
3.63219 1.31134e-07 -0.932588
3.68358 1.31134e-07 -0.70268
2.17931 -6.55671e-08 -0.559553
2.13988 -6.55671e-08 -0.695288
3.56646 1.31134e-07 -1.15881
2.17931 -6.55671e-08 -0.559553
3.56646 1.31134e-07 -1.15881
3.63219 1.31134e-07 -0.932588
2.13988 -6.55671e-08 -0.695288
2.092 -6.55671e-08 -0.82828
3.48666 1.31134e-07 -1.38047
2.13988 -6.55671e-08 -0.695288
3.48666 1.31134e-07 -1.38047
3.56646 1.31134e-07 -1.15881
2.092 -6.55671e-08 -0.82828
2.03586 -6.55671e-08 -0.958004
3.3931 1.31134e-07 -1.59667
2.092 -6.55671e-08 -0.82828
3.3931 1.31134e-07 -1.59667
3.48666 1.31134e-07 -1.38047
2.03586 -6.55671e-08 -0.958004
1.97169 -6.55671e-08 -1.08395
3.28615 1.31134e-07 -1.80658
2.03586 -6.55671e-08 -0.958004
3.28615 1.31134e-07 -1.80658
3.3931 1.31134e-07 -1.59667
1.97169 -6.55671e-08 -1.08395
1.89974 -6.55671e-08 -1.20561
3.16623 1.31134e-07 -2.00935
1.97169 -6.55671e-08 -1.08395
3.16623 1.31134e-07 -2.00935
3.28615 1.31134e-07 -1.80658
1.89974 -6.55671e-08 -1.20561
1.82029 -6.55671e-08 -1.32252
3.03381 1.31134e-07 -2.2042
1.89974 -6.55671e-08 -1.20561
3.03381 1.31134e-07 -2.2042
3.16623 1.31134e-07 -2.00935
1.82029 -6.55671e-08 -1.32252
1.73365 -6.55671e-08 -1.4342
2.88942 1.31134e-07 -2.39034
1.82029 -6.55671e-08 -1.32252
2.88942 1.31134e-07 -2.39034
3.03381 1.31134e-07 -2.2042
1.73365 -6.55671e-08 -1.4342
1.64018 -6.55671e-08 -1.54023
2.73363 1.31134e-07 -2.56705
1.73365 -6.55671e-08 -1.4342
2.73363 1.31134e-07 -2.56705
2.88942 1.31134e-07 -2.39034
1.64018 -6.55671e-08 -1.54023
1.54023 -6.55671e-08 -1.64018
2.56705 1.31134e-07 -2.73363
1.64018 -6.55671e-08 -1.54023
2.56705 1.31134e-07 -2.73363
2.73363 1.31134e-07 -2.56705
1.54023 -6.55671e-08 -1.64018
1.4342 -6.55671e-08 -1.73365
2.39034 1.31134e-07 -2.88942
1.54023 -6.55671e-08 -1.64018
2.39034 1.31134e-07 -2.88942
2.56705 1.31134e-07 -2.73363
1.4342 -6.55671e-08 -1.73365
1.32252 -6.55671e-08 -1.82029
2.20419 1.31134e-07 -3.03381
1.4342 -6.55671e-08 -1.73365
2.20419 1.31134e-07 -3.03381
2.39034 1.31134e-07 -2.88942
1.32252 -6.55671e-08 -1.82029
1.20561 -6.55671e-08 -1.89974
2.00935 1.31134e-07 -3.16623
1.32252 -6.55671e-08 -1.82029
2.00935 1.31134e-07 -3.16623
2.20419 1.31134e-07 -3.03381
1.20561 -6.55671e-08 -1.89974
1.08395 -6.55671e-08 -1.97169
1.80658 1.31134e-07 -3.28615
1.20561 -6.55671e-08 -1.89974
1.80658 1.31134e-07 -3.28615
2.00935 1.31134e-07 -3.16623
1.08395 -6.55671e-08 -1.97169
0.958003 -6.55671e-08 -2.03586
1.59667 1.31134e-07 -3.3931
1.08395 -6.55671e-08 -1.97169
1.59667 1.31134e-07 -3.3931
1.80658 1.31134e-07 -3.28615
0.958003 -6.55671e-08 -2.03586
0.82828 -6.55671e-08 -2.092
1.38047 1.31134e-07 -3.48666
0.958003 -6.55671e-08 -2.03586
1.38047 1.31134e-07 -3.48666
1.59667 1.31134e-07 -3.3931
0.82828 -6.55671e-08 -2.092
0.695288 -6.55671e-08 -2.13988
1.15881 1.31134e-07 -3.56646
0.82828 -6.55671e-08 -2.092
1.15881 1.31134e-07 -3.56646
1.38047 1.31134e-07 -3.48666
0.695288 -6.55671e-08 -2.13988
0.559552 -6.55671e-08 -2.17931
0.932586 1.31134e-07 -3.63219
0.695288 -6.55671e-08 -2.13988
0.932586 1.31134e-07 -3.63219
1.15881 1.31134e-07 -3.56646
0.559552 -6.55671e-08 -2.17931
0.421607 -6.55671e-08 -2.21015
0.702679 1.31134e-07 -3.68358
0.559552 -6.55671e-08 -2.17931
0.702679 1.31134e-07 -3.68358
0.932586 1.31134e-07 -3.63219
0.421607 -6.55671e-08 -2.21015
0.281999 -6.55671e-08 -2.23226
0.469999 1.31134e-07 -3.72043
0.421607 -6.55671e-08 -2.21015
0.469999 1.31134e-07 -3.72043
0.702679 1.31134e-07 -3.68358
0.281999 -6.55671e-08 -2.23226
0.141279 -6.55671e-08 -2.24556
0.235464 1.31134e-07 -3.7426
0.281999 -6.55671e-08 -2.23226
0.235464 1.31134e-07 -3.7426
0.469999 1.31134e-07 -3.72043
0.141279 -6.55671e-08 -2.24556
-1.96701e-07 -6.55671e-08 -2.25
-3.27835e-07 1.31134e-07 -3.75
0.141279 -6.55671e-08 -2.24556
-3.27835e-07 1.31134e-07 -3.75
0.235464 1.31134e-07 -3.7426
-1.96701e-07 -6.55671e-08 -2.25
-0.141279 -6.55671e-08 -2.24556
-0.235465 1.31134e-07 -3.7426
-1.96701e-07 -6.55671e-08 -2.25
-0.235465 1.31134e-07 -3.7426
-3.27835e-07 1.31134e-07 -3.75
-0.141279 -6.55671e-08 -2.24556
-0.282 -6.55671e-08 -2.23226
-0.47 1.31134e-07 -3.72043
-0.141279 -6.55671e-08 -2.24556
-0.47 1.31134e-07 -3.72043
-0.235465 1.31134e-07 -3.7426
-0.282 -6.55671e-08 -2.23226
-0.421608 -6.55671e-08 -2.21015
-0.702681 1.31134e-07 -3.68358
-0.282 -6.55671e-08 -2.23226
-0.702681 1.31134e-07 -3.68358
-0.47 1.31134e-07 -3.72043
-0.421608 -6.55671e-08 -2.21015
-0.559553 -6.55671e-08 -2.17931
-0.932588 1.31134e-07 -3.63219
-0.421608 -6.55671e-08 -2.21015
-0.932588 1.31134e-07 -3.63219
-0.702681 1.31134e-07 -3.68358
-0.559553 -6.55671e-08 -2.17931
-0.695289 -6.55671e-08 -2.13988
-1.15881 1.31134e-07 -3.56646
-0.559553 -6.55671e-08 -2.17931
-1.15881 1.31134e-07 -3.56646
-0.932588 1.31134e-07 -3.63219
-0.695289 -6.55671e-08 -2.13988
-0.828281 -6.55671e-08 -2.092
-1.38047 1.31134e-07 -3.48666
-0.695289 -6.55671e-08 -2.13988
-1.38047 1.31134e-07 -3.48666
-1.15881 1.31134e-07 -3.56646
-0.828281 -6.55671e-08 -2.092
-0.958004 -6.55671e-08 -2.03586
-1.59667 1.31134e-07 -3.3931
-0.828281 -6.55671e-08 -2.092
-1.59667 1.31134e-07 -3.3931
-1.38047 1.31134e-07 -3.48666
-0.958004 -6.55671e-08 -2.03586
-1.08395 -6.55671e-08 -1.97169
-1.80658 1.31134e-07 -3.28615
-0.958004 -6.55671e-08 -2.03586
-1.80658 1.31134e-07 -3.28615
-1.59667 1.31134e-07 -3.3931
-1.08395 -6.55671e-08 -1.97169
-1.20561 -6.55671e-08 -1.89974
-2.00935 1.31134e-07 -3.16623
-1.08395 -6.55671e-08 -1.97169
-2.00935 1.31134e-07 -3.16623
-1.80658 1.31134e-07 -3.28615
-1.20561 -6.55671e-08 -1.89974
-1.32252 -6.55671e-08 -1.82029
-2.2042 1.31134e-07 -3.03381
-1.20561 -6.55671e-08 -1.89974
-2.2042 1.31134e-07 -3.03381
-2.00935 1.31134e-07 -3.16623
-1.32252 -6.55671e-08 -1.82029
-1.4342 -6.55671e-08 -1.73365
-2.39034 1.31134e-07 -2.88942
-1.32252 -6.55671e-08 -1.82029
-2.39034 1.31134e-07 -2.88942
-2.2042 1.31134e-07 -3.03381
-1.4342 -6.55671e-08 -1.73365
-1.54023 -6.55671e-08 -1.64018
-2.56705 1.31134e-07 -2.73363
-1.4342 -6.55671e-08 -1.73365
-2.56705 1.31134e-07 -2.73363
-2.39034 1.31134e-07 -2.88942
-1.54023 -6.55671e-08 -1.64018
-1.64018 -6.55671e-08 -1.54023
-2.73363 1.31134e-07 -2.56705
-1.54023 -6.55671e-08 -1.64018
-2.73363 1.31134e-07 -2.56705
-2.56705 1.31134e-07 -2.73363
-1.64018 -6.55671e-08 -1.54023
-1.73366 -6.55671e-08 -1.4342
-2.88943 1.31134e-07 -2.39034
-1.64018 -6.55671e-08 -1.54023
-2.88943 1.31134e-07 -2.39034
-2.73363 1.31134e-07 -2.56705
-1.73366 -6.55671e-08 -1.4342
-1.82029 -6.55671e-08 -1.32252
-3.03381 1.31134e-07 -2.20419
-1.73366 -6.55671e-08 -1.4342
-3.03381 1.31134e-07 -2.20419
-2.88943 1.31134e-07 -2.39034
-1.82029 -6.55671e-08 -1.32252
-1.89974 -6.55671e-08 -1.20561
-3.16623 1.31134e-07 -2.00935
-1.82029 -6.55671e-08 -1.32252
-3.16623 1.31134e-07 -2.00935
-3.03381 1.31134e-07 -2.20419
-1.89974 -6.55671e-08 -1.20561
-1.97169 -6.55671e-08 -1.08395
-3.28615 1.31134e-07 -1.80658
-1.89974 -6.55671e-08 -1.20561
-3.28615 1.31134e-07 -1.80658
-3.16623 1.31134e-07 -2.00935
-1.97169 -6.55671e-08 -1.08395
-2.03586 -6.55671e-08 -0.958003
-3.3931 1.31134e-07 -1.59667
-1.97169 -6.55671e-08 -1.08395
-3.3931 1.31134e-07 -1.59667
-3.28615 1.31134e-07 -1.80658
-2.03586 -6.55671e-08 -0.958003
-2.092 -6.55671e-08 -0.82828
-3.48666 1.31134e-07 -1.38047
-2.03586 -6.55671e-08 -0.958003
-3.48666 1.31134e-07 -1.38047
-3.3931 1.31134e-07 -1.59667
-2.092 -6.55671e-08 -0.82828
-2.13988 -6.55671e-08 -0.695287
-3.56646 1.31134e-07 -1.15881
-2.092 -6.55671e-08 -0.82828
-3.56646 1.31134e-07 -1.15881
-3.48666 1.31134e-07 -1.38047
-2.13988 -6.55671e-08 -0.695287
-2.17931 -6.55671e-08 -0.559551
-3.63219 1.31134e-07 -0.932586
-2.13988 -6.55671e-08 -0.695287
-3.63219 1.31134e-07 -0.932586
-3.56646 1.31134e-07 -1.15881
-2.17931 -6.55671e-08 -0.559551
-2.21015 -6.55671e-08 -0.421607
-3.68358 1.31134e-07 -0.702678
-2.17931 -6.55671e-08 -0.559551
-3.68358 1.31134e-07 -0.702678
-3.63219 1.31134e-07 -0.932586
-2.21015 -6.55671e-08 -0.421607
-2.23226 -6.55671e-08 -0.281999
-3.72043 1.31134e-07 -0.469998
-2.21015 -6.55671e-08 -0.421607
-3.72043 1.31134e-07 -0.469998
-3.68358 1.31134e-07 -0.702678
-2.23226 -6.55671e-08 -0.281999
-2.24556 -6.55671e-08 -0.141278
-3.7426 1.31134e-07 -0.235463
-2.23226 -6.55671e-08 -0.281999
-3.7426 1.31134e-07 -0.235463
-3.72043 1.31134e-07 -0.469998
-2.24556 -6.55671e-08 -0.141278
-2.25 -6.55671e-08 2.6831e-08
-3.75 1.31134e-07 4.47183e-08
-2.24556 -6.55671e-08 -0.141278
-3.75 1.31134e-07 4.47183e-08
-3.7426 1.31134e-07 -0.235463
-2.25 -6.55671e-08 2.6831e-08
-2.24556 -6.55671e-08 0.141279
-3.7426 1.31134e-07 0.235465
-2.25 -6.55671e-08 2.6831e-08
-3.7426 1.31134e-07 0.235465
-3.75 1.31134e-07 4.47183e-08
-2.24556 -6.55671e-08 0.141279
-2.23226 -6.55671e-08 0.282
-3.72043 1.31134e-07 0.47
-2.24556 -6.55671e-08 0.141279
-3.72043 1.31134e-07 0.47
-3.7426 1.31134e-07 0.235465
-2.23226 -6.55671e-08 0.282
-2.21015 -6.55671e-08 0.421608
-3.68358 1.31134e-07 0.70268
-2.23226 -6.55671e-08 0.282
-3.68358 1.31134e-07 0.70268
-3.72043 1.31134e-07 0.47
-2.21015 -6.55671e-08 0.421608
-2.17931 -6.55671e-08 0.559552
-3.63219 1.31134e-07 0.932588
-2.21015 -6.55671e-08 0.421608
-3.63219 1.31134e-07 0.932588
-3.68358 1.31134e-07 0.70268
-2.17931 -6.55671e-08 0.559552
-2.13988 -6.55671e-08 0.695289
-3.56646 1.31134e-07 1.15881
-2.17931 -6.55671e-08 0.559552
-3.56646 1.31134e-07 1.15881
-3.63219 1.31134e-07 0.932588
-2.13988 -6.55671e-08 0.695289
-2.092 -6.55671e-08 0.828281
-3.48666 1.31134e-07 1.38047
-2.13988 -6.55671e-08 0.695289
-3.48666 1.31134e-07 1.38047
-3.56646 1.31134e-07 1.15881
-2.092 -6.55671e-08 0.828281
-2.03586 -6.55671e-08 0.958004
-3.3931 1.31134e-07 1.59667
-2.092 -6.55671e-08 0.828281
-3.3931 1.31134e-07 1.59667
-3.48666 1.31134e-07 1.38047
-2.03586 -6.55671e-08 0.958004
-1.97169 -6.55671e-08 1.08395
-3.28615 1.31134e-07 1.80658
-2.03586 -6.55671e-08 0.958004
-3.28615 1.31134e-07 1.80658
-3.3931 1.31134e-07 1.59667
-1.97169 -6.55671e-08 1.08395
-1.89974 -6.55671e-08 1.20561
-3.16623 1.31134e-07 2.00935
-1.97169 -6.55671e-08 1.08395
-3.16623 1.31134e-07 2.00935
-3.28615 1.31134e-07 1.80658
-1.89974 -6.55671e-08 1.20561
-1.82029 -6.55671e-08 1.32252
-3.03381 1.31134e-07 2.2042
-1.89974 -6.55671e-08 1.20561
-3.03381 1.31134e-07 2.2042
-3.16623 1.31134e-07 2.00935
-1.82029 -6.55671e-08 1.32252
-1.73365 -6.55671e-08 1.4342
-2.88942 1.31134e-07 2.39034
-1.82029 -6.55671e-08 1.32252
-2.88942 1.31134e-07 2.39034
-3.03381 1.31134e-07 2.2042
-1.73365 -6.55671e-08 1.4342
-1.64018 -6.55671e-08 1.54023
-2.73363 1.31134e-07 2.56705
-1.73365 -6.55671e-08 1.4342
-2.73363 1.31134e-07 2.56705
-2.88942 1.31134e-07 2.39034
-1.64018 -6.55671e-08 1.54023
-1.54023 -6.55671e-08 1.64018
-2.56705 1.31134e-07 2.73363
-1.64018 -6.55671e-08 1.54023
-2.56705 1.31134e-07 2.73363
-2.73363 1.31134e-07 2.56705
-1.54023 -6.55671e-08 1.64018
-1.4342 -6.55671e-08 1.73366
-2.39034 1.31134e-07 2.88943
-1.54023 -6.55671e-08 1.64018
-2.39034 1.31134e-07 2.88943
-2.56705 1.31134e-07 2.73363
-1.4342 -6.55671e-08 1.73366
-1.32252 -6.55671e-08 1.82029
-2.20419 1.31134e-07 3.03381
-1.4342 -6.55671e-08 1.73366
-2.20419 1.31134e-07 3.03381
-2.39034 1.31134e-07 2.88943
-1.32252 -6.55671e-08 1.82029
-1.20561 -6.55671e-08 1.89974
-2.00935 1.31134e-07 3.16623
-1.32252 -6.55671e-08 1.82029
-2.00935 1.31134e-07 3.16623
-2.20419 1.31134e-07 3.03381
-1.20561 -6.55671e-08 1.89974
-1.08394 -6.55671e-08 1.97169
-1.80657 1.31134e-07 3.28615
-1.20561 -6.55671e-08 1.89974
-1.80657 1.31134e-07 3.28615
-2.00935 1.31134e-07 3.16623
-1.08394 -6.55671e-08 1.97169
-0.958002 -6.55671e-08 2.03586
-1.59667 1.31134e-07 3.3931
-1.08394 -6.55671e-08 1.97169
-1.59667 1.31134e-07 3.3931
-1.80657 1.31134e-07 3.28615
-0.958002 -6.55671e-08 2.03586
-0.828279 -6.55671e-08 2.092
-1.38047 1.31134e-07 3.48666
-0.958002 -6.55671e-08 2.03586
-1.38047 1.31134e-07 3.48666
-1.59667 1.31134e-07 3.3931
-0.828279 -6.55671e-08 2.092
-0.695287 -6.55671e-08 2.13988
-1.15881 1.31134e-07 3.56646
-0.828279 -6.55671e-08 2.092
-1.15881 1.31134e-07 3.56646
-1.38047 1.31134e-07 3.48666
-0.695287 -6.55671e-08 2.13988
-0.559551 -6.55671e-08 2.17931
-0.932585 1.31134e-07 3.63219
-0.695287 -6.55671e-08 2.13988
-0.932585 1.31134e-07 3.63219
-1.15881 1.31134e-07 3.56646
-0.559551 -6.55671e-08 2.17931
-0.421608 -6.55671e-08 2.21015
-0.70268 1.31134e-07 3.68358
-0.559551 -6.55671e-08 2.17931
-0.70268 1.31134e-07 3.68358
-0.932585 1.31134e-07 3.63219
-0.421608 -6.55671e-08 2.21015
-0.281999 -6.55671e-08 2.23226
-0.469999 1.31134e-07 3.72043
-0.421608 -6.55671e-08 2.21015
-0.469999 1.31134e-07 3.72043
-0.70268 1.31134e-07 3.68358
-0.281999 -6.55671e-08 2.23226
-0.141278 -6.55671e-08 2.24556
-0.235464 1.31134e-07 3.7426
-0.281999 -6.55671e-08 2.23226
-0.235464 1.31134e-07 3.7426
-0.469999 1.31134e-07 3.72043
-0.141278 -6.55671e-08 2.24556
3.93403e-07 -6.55671e-08 2.25
6.55671e-07 1.31134e-07 3.75
-0.141278 -6.55671e-08 2.24556
6.55671e-07 1.31134e-07 3.75
-0.235464 1.31134e-07 3.7426
