0
1
0
0
0
1
0.382683
0
0.92388
0
1
0
0.382683
0
0.92388
0.707107
0
0.707107
0
1
0
0.707107
0
0.707107
0.92388
0
0.382683
0
1
0
0.92388
0
0.382683
1
0
-4.37114e-08
0
1
0
1
0
-4.37114e-08
0.92388
0
-0.382684
0
1
0
0.92388
0
-0.382684
0.707107
0
-0.707107
0
1
0
0.707107
0
-0.707107
0.382683
0
-0.92388
0
1
0
0.382683
0
-0.92388
-8.74228e-08
0
-1
0
1
0
-8.74228e-08
0
-1
-0.382683
0
-0.92388
0
1
0
-0.382683
0
-0.92388
-0.707107
0
-0.707107
0
1
0
-0.707107
0
-0.707107
-0.92388
0
-0.382683
0
1
0
-0.92388
0
-0.382683
-1
0
1.19249e-08
0
1
0
-1
0
1.19249e-08
-0.923879
0
0.382684
0
1
0
-0.923879
0
0.382684
-0.707107
0
0.707107
0
1
0
-0.707107
0
0.707107
-0.382683
0
0.92388
0
1
0
-0.382683
0
0.92388
1.74846e-07
0
1
0
-1
0
-0
0
1
-0.382683
0
0.92388
0
-1
0
-0.382683
0
0.92388
-0.707107
0
0.707107
0
-1
0
-0.707107
0
0.707107
-0.92388
0
0.382683
0
-1
0
-0.92388
0
0.382683
-1
0
-4.37114e-08
0
-1
0
-1
0
-4.37114e-08
-0.92388
0
-0.382684
0
-1
0
-0.92388
0
-0.382684
-0.707107
0
-0.707107
0
-1
0
-0.707107
0
-0.707107
-0.382683
0
-0.92388
0
-1
0
-0.382683
0
-0.92388
8.74228e-08
0
-1
0
-1
0
8.74228e-08
0
-1
0.382683
0
-0.92388
0
-1
0
0.382683
0
-0.92388
0.707107
0
-0.707107
0
-1
0
0.707107
0
-0.707107
0.92388
0
-0.382683
0
-1
0
0.92388
0
-0.382683
1
0
1.19249e-08
0
-1
0
1
0
1.19249e-08
0.923879
0
0.382684
0
-1
0
0.923879
0
0.382684
0.707107
0
0.707107
0
-1
0
0.707107
0
0.707107
0.382683
0
0.92388
0
-1
0
0.382683
0
0.92388
-1.74846e-07
0
1
0
0
1
0
0
1
0.382683
0
0.92388
0
0
1
0.382683
0
0.92388
0.382683
0
0.92388
0.382683
0
0.92388
0.382683
0
0.92388
0.707107
0
0.707107
0.382683
0
0.92388
0.707107
0
0.707107
0.707107
0
0.707107
0.707107
0
0.707107
0.707107
0
0.707107
0.92388
0
0.382683
0.707107
0
0.707107
0.92388
0
0.382683
0.92388
0
0.382683
0.92388
0
0.382683
0.92388
0
0.382683
1
0
-4.37114e-08
0.92388
0
0.382683
1
0
-4.37114e-08
1
0
-4.37114e-08
1
0
-4.37114e-08
1
0
-4.37114e-08
0.92388
0
-0.382684
1
0
-4.37114e-08
0.92388
0
-0.382684
0.92388
0
-0.382684
0.92388
0
-0.382684
0.92388
0
-0.382684
0.707107
0
-0.707107
0.92388
0
-0.382684
0.707107
0
-0.707107
0.707107
0
-0.707107
0.707107
0
-0.707107
0.707107
0
-0.707107
0.382683
0
-0.92388
0.707107
0
-0.707107
0.382683
0
-0.92388
0.382683
0
-0.92388
0.382683
0
-0.92388
0.382683
0
-0.92388
-8.74228e-08
0
-1
0.382683
0
-0.92388
-8.74228e-08
0
-1
-8.74228e-08
0
-1
-8.74228e-08
0
-1
-8.74228e-08
0
-1
-0.382683
0
-0.92388
-8.74228e-08
0
-1
-0.382683
0
-0.92388
-0.382683
0
-0.92388
-0.382683
0
-0.92388
-0.382683
0
-0.92388
-0.707107
0
-0.707107
-0.382683
0
-0.92388
-0.707107
0
-0.707107
-0.707107
0
-0.707107
-0.707107
0
-0.707107
-0.707107
0
-0.707107
-0.92388
0
-0.382683
-0.707107
0
-0.707107
-0.92388
0
-0.382683
-0.92388
0
-0.382683
-0.92388
0
-0.382683
-0.92388
0
-0.382683
-1
0
1.19249e-08
-0.92388
0
-0.382683
-1
0
1.19249e-08
-1
0
1.19249e-08
-1
0
1.19249e-08
-1
0
1.19249e-08
-0.923879
0
0.382684
-1
0
1.19249e-08
-0.923879
0
0.382684
-0.923879
0
0.382684
-0.923879
0
0.382684
-0.923879
0
0.382684
-0.707107
0
0.707107
-0.923879
0
0.382684
-0.707107
0
0.707107
-0.707107
0
0.707107
-0.707107
0
0.707107
-0.707107
0
0.707107
-0.382683
0
0.92388
-0.707107
0
0.707107
-0.382683
0
0.92388
-0.382683
0
0.92388
-0.382683
0
0.92388
-0.382683
0
0.92388
1.74846e-07
0
1
-0.382683
0
0.92388
1.74846e-07
0
1
1.74846e-07
0
1
Released key: 
